{"segGroups": [{"objectId": 23, "id": 23, "partId": 23, "index": 0, "dominantNormal": [0.9801564812660217, 0.19822517037391663, 4.401482964187334e-17], "obb": {"axesLengths": [3.650965462457226, 2.894399935877323, 0.41556006354345937], "centroid": [0.6525174489531862, -0.5357213534116053, -0.15455008884035015], "normalizedAxes": [-0.19822517037391663, 0.9801564812660217, 2.1763845864742265e-16, 0, -2.220446049250313e-16, 1, 0.9801564812660217, 0.19822517037391663, 4.401482964187334e-17]}, "segments": [13133, 17443, 17495, 34497, 34532, 39912, 40887, 64022, 88145, 37389, 12877, 88216, 15491, 88211, 35453, 6737, 13385, 13902, 15493, 88407, 20050, 88947, 41784, 46666, 39204, 14585, 15469, 18660, 46022, 15507, 39635, 26111, 44107, 88559, 38959, 39199, 41616, 79387, 39648, 157, 39629, 19614, 22251, 43956, 30085, 38396, 34122, 34143, 18557, 39673, 18648, 18581, 15522, 76471, 44198, 59134, 46702, 46748, 37481, 37124, 88721, 89071, 67343, 91004, 41654, 67360, 89120, 88849, 67269, 14549, 86412, 14983, 19399, 67239, 66675, 46232, 46117, 80003, 37165, 37151, 37457, 36424, 45983, 234, 80850, 46881, 46532, 47193, 67342, 89075, 67273, 67335, 67331, 67229, 66664, 46802, 46784, 46904, 46510, 46813, 66634, 80920, 46457, 44965, 80298, 53276, 25083, 25139, 24969, 83696, 25025], "label": "window"}, {"objectId": 26, "id": 26, "partId": 26, "index": 1, "dominantNormal": [0, -2.220446049250313e-16, 1], "obb": {"axesLengths": [3.3658906563380886, 0.30498992715053463, 0.3927647548701545], "centroid": [-0.7896520601464502, -0.8369970461398001, 1.4708848695259173], "normalizedAxes": [-0.17293064296245575, 0.9849340319633484, 2.1869928800451985e-16, 0, -2.220446049250313e-16, 1, 0.9849340319633484, 0.17293064296245575, 3.839831629603013e-17]}, "segments": [181, 240, 8979, 9019, 20649, 20652, 21141, 21948, 22349, 22513, 22891, 22999, 23554, 23573, 23846, 23906, 23910, 25053, 25109, 25124, 25151, 25364, 25393, 25394, 27776, 27791, 27794, 27799, 27815, 27831, 27871, 28672, 28692, 28716, 28720, 28743, 28750, 28756, 28770, 28794, 30157, 30176, 30444, 30445, 30518, 30531, 30535, 31132, 31154, 31187, 51055, 51081, 52685, 52710, 52712, 52723, 52729, 52739, 52748, 52752, 53167, 53200, 53214, 53228, 53234, 53458, 53462, 53492, 53512, 53517, 53592, 53616, 53647, 53666, 53697, 53711, 69000, 69027, 69032, 69058, 69061, 69084, 69112, 69121, 69186, 69190, 69224, 69251, 69297, 69339, 74249, 74278, 74467, 74511, 74517, 74522, 74604, 74920, 77949, 77961, 77972, 77996, 78489, 78558, 78714, 78762, 78802, 78877, 78882, 78883, 78894, 78896, 79107, 79109, 79124, 83466, 83470, 83478, 83500, 83737, 89630, 89697, 89702, 89717, 89719, 89768, 92398, 92426, 92468, 92487, 92494, 92503, 92625, 92631, 93043], "label": "light"}, {"objectId": 24, "id": 24, "partId": 24, "index": 2, "dominantNormal": [0, -2.220446049250313e-16, 1], "obb": {"axesLengths": [3.840634670972749, 0.19910001309737468, 3.6709731995945547], "centroid": [-1.1817293241954099, -0.8980611668030303, 1.6895499280195674], "normalizedAxes": [-0.24722877144813538, 0.9689571261405945, 2.1515170226318203e-16, 0, -2.220446049250313e-16, 1, 0.9689571261405945, 0.24722877144813538, 5.489581488230208e-17]}, "segments": [371, 393, 511, 636, 3216, 4233, 4361, 4371, 5454, 6831, 7730, 7793, 9375, 9405, 9457, 10021, 10201, 10290, 11102, 11377, 11644, 13005, 16075, 16713, 17202, 17226, 26173, 27608, 27610, 28631, 28636, 31401, 32488, 32741, 32747, 32756, 32854, 34555, 34585, 34592, 34599, 35248, 36232, 47141, 48065, 49539, 51283, 62642, 66929, 70746, 82370, 82618, 85690, 85693], "label": "ceiling"}, {"objectId": 1, "id": 1, "partId": 1, "index": 3, "dominantNormal": [0, -2.220446049250313e-16, 1], "obb": {"axesLengths": [5.395128827340148, 0.46032010480046, 4.336822499455336], "centroid": [-1.8802779504982583, -0.9813370962223762, -1.4598400434142347], "normalizedAxes": [0.9999381899833679, 0.011115716770291328, 2.468184938717883e-18, 0, -2.220446049250313e-16, 1, 0.011115716770291328, -0.9999381899833679, -2.2203088034430783e-16]}, "segments": [661, 738, 3013, 3075, 3083, 3089, 3091, 5105, 5185, 6034, 6513, 7000, 7138, 7142, 7148, 7149, 7166, 7191, 7234, 7525, 7528, 7542, 7568, 7575, 7588, 7589, 7623, 7648, 7693, 7718, 7738, 7760, 7772, 8390, 8647, 9830, 9834, 13056, 15059, 15159, 15315, 15903, 15969, 16527, 17009, 17457, 17653, 18852, 18865, 18899, 18911, 18913, 18921, 18922, 18954, 19725, 20153, 20290, 24120, 28110, 28920, 28945, 29492, 29566, 31036, 32231, 33828, 34234, 34246, 34255, 34260, 34268, 34279, 34284, 34294, 34367, 34371, 34424, 34425, 34649, 34667, 34669, 34690, 34739, 34761, 34873, 35327, 36671, 36725, 38378, 38404, 38411, 38418, 38429, 38434, 38454, 40680, 40735, 40737, 40781, 40947, 45554, 45800, 46556, 46797, 47522, 47544, 48658, 48807, 48852, 49571, 49643, 49675, 50226, 50295, 53324, 55235, 55243, 55251, 55271, 55272, 55279, 55286, 55290, 55317, 55356, 55387, 55428, 58035, 58195, 58730, 58752, 59292, 60102, 60114, 65973, 68430, 68811, 69626, 70311, 70322, 70353, 70376, 70424, 70477, 70536, 70543, 70547, 70550, 71005, 71007, 72366, 72400, 72427, 74950, 74953, 74954, 74956, 74962, 75097, 75104, 75114, 75129, 75131, 75137, 75139, 75170, 75181, 75323, 76453, 76505, 76509, 77218, 77231, 78813, 79209, 79349, 79351, 79358, 79363, 79370, 79395, 79402, 79436, 79472, 79497, 79550, 79553, 79989, 80147, 80150, 80180, 80183, 80186, 80244, 81404, 84292, 84303, 84304, 84316, 84319, 84325, 84327, 84332, 84339, 89182, 89190, 89376, 90563, 92636, 94038, 75116, 7942, 75214, 75199, 7947, 39677, 71322, 39581], "label": "floor"}, {"objectId": 14, "id": 14, "partId": 14, "index": 4, "dominantNormal": [0.9704856872558594, 0.24115875363349915, 5.3548000174763276e-17], "obb": {"axesLengths": [1.7317025090201468, 0.5867999660938983, 0.20786448940751978], "centroid": [-4.353375979944616, -0.5683539742911285, -1.2834000468239188], "normalizedAxes": [-0.24115875363349915, 0.9704856872558594, 2.1549111101212479e-16, 0, -2.220446049250313e-16, 1, 0.9704856872558594, 0.24115875363349915, 5.3548000174763276e-17]}, "segments": [726, 755, 8486, 8504, 9978, 10003, 10015, 24950, 29513, 29528, 29552, 65585, 65618, 74799, 76067, 76071, 78811, 87070, 8447], "label": "radiator"}, {"objectId": 8, "id": 8, "partId": 8, "index": 5, "dominantNormal": [0.19286496937274933, -0.981225311756134, -2.1787578669133146e-16], "obb": {"axesLengths": [4.975477819268395, 3.345379873840959, 0.24661265546620748], "centroid": [-2.2018625442737463, 0.7435491626348629, 0.06550989712379973], "normalizedAxes": [0.981225311756134, 0.19286496937274933, 4.282462592825039e-17, 0, -2.220446049250313e-16, 1, 0.19286496937274933, -0.981225311756134, -2.1787578669133146e-16]}, "segments": [828, 879, 1367, 1492, 1495, 1537, 1559, 1579, 1589, 1606, 1631, 1652, 1657, 1742, 1746, 2471, 2612, 2614, 2734, 6206, 6216, 6243, 6331, 8078, 8084, 8531, 8685, 8749, 8821, 8831, 13117, 13166, 13188, 13678, 17449, 20296, 20297, 25550, 25561, 30218, 30336, 34503, 38652, 38849, 38879, 38900, 38911, 38918, 39295, 39605, 39894, 40030, 41534, 44148, 50443, 51018, 53132, 66678, 69678, 69695, 72948, 74949, 74969, 74970, 75052, 75072, 75659, 76289, 78879, 80232, 80235, 81919, 81956, 82013, 87640, 8915], "label": "wall"}, {"objectId": 13, "id": 13, "partId": 13, "index": 6, "dominantNormal": [0, -2.220446049250313e-16, 1], "obb": {"axesLengths": [3.561951628914922, 0.48000000834464984, 0.49840704024152405], "centroid": [-4.20422102683885, -1.477580826551609, -0.8500000812113281], "normalizedAxes": [-0.2187737375497818, 0.9757755994796753, 2.1666570748195009e-16, 0, -2.220446049250313e-16, 1, 0.9757755994796753, 0.2187737375497818, 4.8577528122213787e-17]}, "segments": [1118, 13470, 13503, 24193, 24998, 25997, 26002, 26046, 26073, 26085, 26088, 26093, 26110, 26521, 26582, 26608, 26952, 26953, 26956, 27398, 27422, 27436, 27480, 27512, 27513, 27522, 27528, 27537, 27558, 27567, 28182, 28279, 28295, 28305, 28315, 28337, 28348, 28536, 29192, 29237, 30805, 31247, 31279, 31367, 32052, 32098, 34031, 34050, 34060, 39488, 49862, 49934, 49943, 49948, 49960, 49982, 50048, 50049, 50076, 50086, 50089, 50094, 50118, 50150, 50533, 50546, 50593, 50595, 50626, 50636, 50667, 50678, 50710, 50734, 50745, 50746, 50753, 50779, 50792, 50802, 50832, 50840, 50847, 50852, 50880, 50892, 50916, 50956, 51368, 51398, 51410, 51412, 51786, 51793, 51817, 51837, 51847, 51849, 51876, 51899, 51906, 51933, 52166, 52184, 52186, 52210, 52225, 52248, 52262, 52264, 52319, 52328, 52357, 52362, 52373, 52404, 52531, 52559, 52994, 69819, 69850, 69941, 78377, 78448, 78475, 78525, 81734, 81746, 81767, 82832, 82835, 82844, 82864, 83019, 83144, 83151, 83160, 83169, 83173, 83233, 83961, 87912, 29198, 83257], "label": "windowsill"}, {"objectId": 16, "id": 16, "partId": 16, "index": 7, "dominantNormal": [0, -2.220446049250313e-16, 1], "obb": {"axesLengths": [2.055743269384907, 1.0281700262091298, 1.9476516064257248], "centroid": [-3.146133176233236, -1.243830664104467, -1.0840850695799658], "normalizedAxes": [0.9914246201515198, 0.13067999482154846, 2.9016787821755865e-17, 0, -2.220446049250313e-16, 1, 0.13067999482154846, -0.9914246201515198, -2.2014048809449344e-16]}, "segments": [1226, 1737, 1783, 1853, 1945, 2031, 2248, 2263, 2264, 2292, 5988, 13980, 14027, 14034, 14086, 14340, 14355, 14363, 14876, 14893, 15026, 15053, 15094, 15288, 15337, 15603, 18603, 33886, 33923, 33931, 34005, 34017, 35287, 35303, 36321, 47349, 47358, 51470, 51498, 51523, 51541, 51575, 51586, 51593, 51618, 51629, 51756, 51763, 52149, 52173, 52197, 52526, 54886, 54905, 54919, 54950, 54972, 59193, 59205, 59859, 60059, 61507, 64584, 65645, 67406, 70999, 71070, 71669, 74813, 74903, 76500, 76504, 76513, 76533, 82867, 82920, 82923, 82948, 82960, 82996, 83002, 83124, 83208, 83212, 83528, 84180, 84191, 84293, 84850, 85544, 85806, 88887, 89010, 89144, 89154, 89181, 91632, 32564], "label": "table"}, {"objectId": 19, "id": 19, "partId": 19, "index": 8, "dominantNormal": [0.9984908103942871, -0.054919082671403885, -1.2194486014617009e-17], "obb": {"axesLengths": [0.027348665373006842, 0.039227007942788106, 0.008484585402973971], "centroid": [-3.5934847472940215, -1.219883347631011, -0.6696135419693554], "normalizedAxes": [0.054919082671403885, 0.9984908103942871, 2.2170949751527383e-16, 0, -2.220446049250313e-16, 1, 0.9984908103942871, -0.054919082671403885, -1.2194486014617009e-17]}, "segments": [2283, 74900], "label": "monitor"}, {"objectId": 25, "id": 25, "partId": 25, "index": 9, "dominantNormal": [0, -2.220446049250313e-16, 1], "obb": {"axesLengths": [3.6257124575689565, 0.4808499705601488, 1.445661583182784], "centroid": [-3.5388818064442282, -1.3101285321453542, 1.4904248809719465], "normalizedAxes": [-0.1869206577539444, 0.9823750257492065, 2.1813107448070003e-16, 0, -2.220446049250313e-16, 1, 0.9823750257492065, 0.1869206577539444, 4.1504723603301574e-17]}, "segments": [2365, 2419, 3161, 3697, 3823, 3988, 4099, 4291, 4508, 4550, 10652, 11255, 12516, 14410, 14479, 15625, 15670, 18258, 25451, 30418, 33953, 44548, 46306, 48223, 48512, 49846, 50411, 62714, 64151, 64555, 69525, 74750, 74764, 75258, 75657, 76149, 76156, 81300, 81351, 81732, 82093, 4126], "label": "ceiling"}, {"objectId": 32, "id": 32, "partId": 32, "index": 10, "dominantNormal": [0, -2.220446049250313e-16, 1], "obb": {"axesLengths": [1.3955612224551557, 0.18615996421516012, 0.46165940210762074], "centroid": [-3.360455012381443, -0.2427074597570159, 1.3969199177566165], "normalizedAxes": [-0.17866143584251404, 0.9839106202125549, 2.1847204494663928e-16, 0, -2.220446049250313e-16, 1, 0.9839106202125549, 0.17866143584251404, 3.967080793698986e-17]}, "segments": [2401, 2407, 3314, 3345, 3358, 3360, 3378, 3492, 3511, 3515, 3537, 3546, 3553, 3600, 3608, 3613, 3614, 3640, 3641, 3649, 3702, 11735, 11746, 11780, 11892, 11916, 11917, 12549, 12608, 12611, 12799, 14071, 15709, 75167, 75169, 75222, 75241, 75502, 75653, 75709, 75739, 75755, 75951, 3831], "label": "light"}, {"objectId": 10, "id": 10, "partId": 10, "index": 11, "dominantNormal": [0.9940487146377563, 0.10893654078245163, 2.4188771159939033e-17], "obb": {"axesLengths": [3.626890953220033, 2.144109976050779, 0.4345141269394015], "centroid": [-4.283263904718752, -1.4410196531651485, 0.26205492737766334], "normalizedAxes": [-0.10893653333187103, 0.9940487146377563, 2.207231541179758e-16, 0, -2.220446049250313e-16, 1, 0.9940487146377563, 0.10893653333187103, 2.4188769505577808e-17]}, "segments": [2823, 2961, 2983, 3188, 17858, 28024, 29831, 31252, 34065, 34091, 34119, 36358, 39328, 39451, 40310, 41018, 44243, 49351, 54838, 54846, 54849, 62205, 62210, 62258, 62271, 67846, 67855, 67968, 68667, 71544, 72651, 74155, 74171, 74174, 74176, 87115, 89379, 89507, 91821, 94263, 94310, 94319, 93605, 30773, 67607, 31329], "label": "wall"}, {"objectId": 22, "id": 22, "partId": 22, "index": 12, "dominantNormal": [0.9841151833534241, 0.17753101885318756, 3.9419804943194317e-17], "obb": {"axesLengths": [3.5364114144526373, 0.5677000157304096, 0.2181267570968044], "centroid": [0.4356622197481024, -0.4843904975296798, 1.4538498624298728], "normalizedAxes": [-0.17753101885318756, 0.9841151833534241, 2.185174670884358e-16, 0, -2.220446049250313e-16, 1, 0.9841151833534241, 0.17753101885318756, 3.9419804943194317e-17]}, "segments": [3202, 3287, 4778, 6357, 6374, 6630, 14919, 15206, 16125, 16169, 16589, 17159, 17167, 17168, 17173, 17194, 17213, 17214, 19493, 35982, 35984, 60850, 65425, 66804, 71623, 71628, 72108, 76821, 76830, 76843, 79936, 91940, 92005, 92153, 92186, 80065, 19491, 92079, 19478, 92091, 13623, 19507], "label": "wall"}, {"objectId": 2, "id": 2, "partId": 2, "index": 13, "dominantNormal": [0.1653164178133011, -0.986240565776825, -2.1898939678895445e-16], "obb": {"axesLengths": [4.988574652796101, 3.3357298820675174, 0.28588211866529595], "centroid": [-1.565823067363543, -2.727071359252579, 0.07380495614249205], "normalizedAxes": [0.986240565776825, 0.1653164178133011, 3.670761868097585e-17, 0, -2.220446049250313e-16, 1, 0.1653164178133011, -0.986240565776825, -2.1898939678895445e-16]}, "segments": [3325, 4761, 5914, 5949, 6096, 9515, 10274, 10744, 12939, 12960, 12971, 12974, 13019, 13221, 13243, 13253, 13291, 13689, 13890, 13896, 14791, 16439, 16895, 16939, 16964, 16974, 17346, 17361, 17603, 17629, 20033, 21067, 21142, 21621, 21934, 22092, 23723, 24094, 26221, 27658, 28867, 29684, 29931, 30497, 31494, 31566, 31606, 31636, 31820, 31833, 31842, 31878, 31895, 31916, 31961, 31976, 31978, 31997, 31998, 32007, 32022, 32033, 32156, 34821, 35742, 35893, 36220, 36632, 36862, 43200, 44206, 44904, 44932, 44993, 45149, 47933, 48122, 50387, 51238, 51508, 51923, 58309, 62257, 66487, 67003, 67986, 70812, 71342, 74691, 74698, 76276, 76278, 76357, 76419, 76753, 76889, 77697, 79144, 79146, 79147, 79152, 79153, 79928, 79932, 85726, 91531, 17673, 12264], "label": "wall"}, {"objectId": 31, "id": 31, "partId": 31, "index": 14, "dominantNormal": [0, -2.220446049250313e-16, 1], "obb": {"axesLengths": [1.3210878053028507, 0.17894005375489463, 0.4697922214913885], "centroid": [-2.938556115673528, -2.179685814040618, 1.38052989250727], "normalizedAxes": [-0.07315004616975784, 0.9973209500312805, 2.2144973633315257e-16, 0, -2.220446049250313e-16, 1, 0.9973209500312805, 0.07315004616975784, 1.624257310201168e-17]}, "segments": [4633, 4665, 4728, 44327, 49953, 50210, 50335, 50432, 50475, 50488, 50499, 50501, 60195, 67843, 68086, 74759, 74791, 76257, 80267, 80393, 80404, 81110, 81134, 81162, 81217, 81218, 81288, 81344, 44338, 4725], "label": "light"}, {"objectId": 15, "id": 15, "partId": 15, "index": 15, "dominantNormal": [0.9957270622253418, 0.09234487265348434, 2.050468076519526e-17], "obb": {"axesLengths": [2.4840468419549264, 0.676749989164993, 0.4168334242332758], "centroid": [-4.050479230260288, -1.969575388382178, -1.2483750768369055], "normalizedAxes": [-0.09234487265348434, 0.9957270622253418, 2.2109582214498808e-16, 0, -2.220446049250313e-16, 1, 0.9957270622253418, 0.09234487265348434, 2.050468076519526e-17]}, "segments": [4999, 5008, 5024, 10879, 24195, 24219, 26349, 26382, 26403, 26430, 26436, 26437, 26475, 26492, 26507, 26636, 26643, 26686, 26698, 26723, 26748, 26762, 26766, 26772, 26776, 26778, 26787, 26792, 26794, 26818, 26843, 26849, 26858, 26885, 26886, 27009, 27032, 27043, 27063, 27091, 27107, 27137, 27155, 50976, 51982, 52136, 52160, 65573, 68000, 72152, 72282, 72290, 72291, 72296, 72301, 72305, 72320, 72323, 72327, 72334, 72338, 75320, 78254, 78257, 78265, 78269, 78290, 78293, 78294, 78296, 78298, 78306, 78310, 78318, 78322, 78329, 78355, 78358, 78396, 78404, 78408, 82857, 92652, 92655, 92719, 92797], "label": "radiator"}, {"objectId": 18, "id": 18, "partId": 18, "index": 16, "dominantNormal": [0, -2.220446049250313e-16, 1], "obb": {"axesLengths": [1.0436433587603489, 0.5320610285089677, 0.704993419286221], "centroid": [-3.5476285647341754, -0.42394216738694057, -1.0716795551401486], "normalizedAxes": [0.9924988746643066, -0.12225392460823059, -2.7145824390169124e-17, 0, -2.220446049250313e-16, 1, -0.12225392460823059, -0.9924988746643066, -2.2037902051337413e-16]}, "segments": [5613, 5626, 5631, 5650, 5666, 5684, 5776, 5799, 5803, 5808, 5845, 5960, 5986, 33616, 35484, 35585, 35642, 35678, 35682, 35686, 35693, 35710, 35723, 54951, 59342, 75403, 75409, 75421, 75438, 75441, 75450, 75451, 75470, 75480, 79578, 79617, 79626, 79631, 79639, 79674, 79678, 84811, 54998, 66925, 33617, 84242, 84183, 55215, 59361, 55073, 71032, 54899, 84229], "label": "chair"}, {"objectId": 6, "id": 6, "partId": 6, "index": 17, "dominantNormal": [0, -2.220446049250313e-16, 1], "obb": {"axesLengths": [1.7705965246088853, 0.8216999585546555, 0.9228951503345604], "centroid": [-0.27553409811772733, -1.666175368762719, -1.1808500193614517], "normalizedAxes": [-0.1820330172777176, 0.9832924008369446, 2.1833477266962488e-16, 0, -2.220446049250313e-16, 1, 0.9832924008369446, 0.1820330172777176, 4.04194494047422e-17]}, "segments": [6305, 6314, 6596, 16613, 16762, 16801, 34666, 45376, 45441, 45890, 48311, 56605, 56829, 56880, 72477, 72495, 72499, 72776, 72813, 81439, 84518, 84588, 84592, 84597, 92870, 92899, 92903, 93519, 93557, 94098, 81521, 45713, 48171, 45692, 31958, 31879, 5811], "label": "desk"}, {"objectId": 41, "id": 41, "partId": 41, "index": 18, "dominantNormal": [0.9972068071365356, -0.07468977570533752, -1.6584461738430872e-17], "obb": {"axesLengths": [0.4467186020649569, 0.43620496013302423, 0.23238996574933715], "centroid": [-0.2519652848356596, -1.602695719869378, -0.6443545543919245], "normalizedAxes": [0.07468977570533752, 0.9972068071365356, 2.2142439151918395e-16, 0, -2.220446049250313e-16, 1, 0.9972068071365356, -0.07468977570533752, -1.6584461738430872e-17]}, "segments": [6076, 69474, 75085, 75088, 84756, 84762, 5919, 5937, 5940, 5942, 5952, 6014, 92225, 71900, 57335, 5844, 56772, 56786, 57336, 57366, 57382, 57397, 57401, 75078, 84679, 84684, 84733, 84772, 6010, 5982, 6088], "label": "monitor"}, {"objectId": 17, "id": 17, "partId": 17, "index": 19, "dominantNormal": [0.9850725531578064, 0.1721397191286087, 3.8222695925817774e-17], "obb": {"axesLengths": [0.5769399644232384, 0.6308359958789644, 0.4902652865842422], "centroid": [-2.544232931294326, -0.5441315836456597, -1.0172720491750837], "normalizedAxes": [-0.1721397191286087, 0.9850725531578064, 2.1873004588841702e-16, 0, -2.220446049250313e-16, 1, 0.9850725531578064, 0.1721397191286087, 3.8222695925817774e-17]}, "segments": [7036, 7109, 7118, 34617, 47311, 47340, 63284, 63551, 63682, 71679, 75503, 79391, 79393, 81548, 81597, 64611, 63220, 64390, 92201], "label": "chair"}, {"objectId": 21, "id": 21, "partId": 21, "index": 20, "dominantNormal": [0.14011797308921814, 0.9901348352432251, 2.1985409831409288e-16], "obb": {"axesLengths": [0.48105277305536354, 2.8900999376900494, 0.5873597868462839], "centroid": [0.536926751456827, -2.145036178030449, -0.1350501317147148], "normalizedAxes": [0.14011795818805695, 0.9901348352432251, 2.1985409831409288e-16, 0, -2.220446049250313e-16, 1, 0.9901348352432251, -0.14011795818805695, -3.111243666876916e-17]}, "segments": [7870, 37072, 39399, 75113, 80103, 81816, 66433, 59737, 81902, 40838, 39941, 80133, 80115, 39429, 37500, 27806], "label": "blinds"}, {"objectId": 30, "id": 30, "partId": 30, "index": 21, "dominantNormal": [0.9450755715370178, 0.3268519341945648, 7.257570859721448e-17], "obb": {"axesLengths": [0.7565934073647816, 0.8863139550466693, 0.4747244019448503], "centroid": [0.14441981963966466, -1.695092707437379, -1.0868430360367225], "normalizedAxes": [-0.3268519341945648, 0.9450755715370178, 2.0984893190623529e-16, 0, -2.220446049250313e-16, 1, 0.9450755715370178, 0.3268519341945648, 7.257570859721448e-17]}, "segments": [7907, 8671, 8711, 8756, 8809, 8827, 9025, 9056, 9092, 9214, 9243, 9299, 9865, 10976, 10981, 26829, 41905, 75187, 75191, 75198, 75269, 75312, 75347, 75348, 75367, 75376, 75490, 80483, 81408, 72745], "label": "chair"}, {"objectId": 12, "id": 12, "partId": 12, "index": 22, "dominantNormal": [0.9988542199134827, 0.04785659909248352, 1.0626299638546115e-17], "obb": {"axesLengths": [3.075636351014964, 1.8199999521672727, 0.7286583342933789], "centroid": [-4.274379320644549, -1.7696692675706538, 0.07999993495643154], "normalizedAxes": [-0.04785659909248352, 0.9988542199134827, 2.217901906383896e-16, 0, -2.220446049250313e-16, 1, 0.9988542199134827, 0.04785659909248352, 1.0626299638546115e-17]}, "segments": [8055, 8401, 8555, 8562, 8565, 8568, 8573, 8580, 8601, 8629, 8648, 8679, 9579, 9581, 9584, 9593, 9638, 9654, 9660, 9673, 9680, 9686, 9711, 9727, 9742, 9759, 9782, 9790, 9792, 9824, 9937, 9964, 10508, 10537, 10573, 10575, 10576, 10613, 10620, 12352, 12483, 12560, 12563, 12596, 12619, 12628, 12648, 12657, 12702, 12727, 13877, 13882, 13910, 13972, 14241, 23497, 23499, 23519, 23528, 23538, 24283, 24284, 24349, 24398, 24436, 24464, 24545, 24591, 24611, 24659, 24677, 24740, 24815, 24826, 24845, 24853, 24857, 24896, 24903, 24932, 25241, 25249, 25250, 25279, 25297, 25328, 25416, 25512, 25519, 25542, 25661, 25676, 25679, 25684, 25690, 25705, 25709, 25710, 25712, 25810, 25824, 25838, 25864, 25867, 25874, 25883, 25972, 25986, 26006, 26118, 26646, 26663, 26672, 27000, 27161, 27195, 27265, 27289, 27290, 27292, 27294, 27313, 27324, 27332, 27339, 27350, 27431, 27548, 27695, 27975, 27982, 28007, 28016, 28019, 28025, 28031, 28137, 28357, 28369, 28372, 28466, 28506, 28509, 28559, 28645, 28670, 29057, 29118, 29163, 29220, 29258, 29286, 29465, 29716, 29730, 30576, 30671, 30693, 30928, 30963, 37169, 39206, 39232, 39244, 39827, 39834, 39865, 39868, 39869, 39906, 39920, 39953, 39959, 40050, 40067, 40085, 40121, 40168, 40186, 40202, 51132, 51149, 51319, 51352, 51432, 51811, 51894, 51896, 51915, 51916, 51919, 51988, 51991, 51992, 52024, 52036, 52037, 52070, 52080, 52087, 52110, 52114, 52230, 52379, 52783, 52787, 52828, 52873, 52878, 52888, 52893, 52896, 52901, 52929, 52947, 54825, 55511, 55518, 55542, 55575, 55578, 55593, 55635, 55698, 55720, 55741, 55742, 55764, 55807, 55813, 55823, 55828, 55844, 55855, 55905, 55911, 55913, 55937, 55956, 55980, 55982, 62424, 62452, 64959, 64962, 64966, 65009, 65015, 65039, 65051, 65118, 65121, 65208, 65209, 65226, 65228, 65280, 65333, 65361, 65383, 67390, 67453, 67721, 67774, 67782, 67794, 67803, 67814, 67868, 67894, 67900, 67921, 68100, 68115, 68117, 68130, 68142, 68162, 68169, 68185, 68190, 68211, 68215, 68218, 68223, 68233, 68238, 68263, 68271, 68285, 68288, 68294, 68299, 68325, 68340, 68346, 68376, 68624, 68649, 68718, 68761, 68786, 68797, 68808, 68819, 68874, 68876, 68898, 68912, 68941, 68977, 70715, 71039, 71088, 71097, 71107, 71110, 71153, 71345, 71347, 71406, 71437, 72936, 72946, 72962, 72965, 73837, 73848, 74067, 74069, 74081, 74093, 74113, 74124, 74133, 74178, 74192, 74194, 74234, 74250, 74274, 74280, 74366, 74382, 74497, 74513, 74516, 74568, 74622, 74631, 74674, 74677, 74688, 74816, 74843, 74869, 74872, 74877, 74883, 74885, 74906, 74918, 74929, 74939, 75666, 75670, 75700, 75787, 75789, 76035, 76111, 76113, 76119, 77852, 77864, 77865, 77869, 77874, 77877, 77890, 77892, 77921, 77971, 77999, 78008, 78009, 78035, 78094, 78162, 78203, 78210, 78215, 78217, 78825, 78828, 78849, 79022, 79026, 79059, 79097, 79100, 79504, 79507, 79509, 79514, 79542, 79545, 81744, 82900, 82909, 82916, 83027, 83033, 83047, 84345, 84347, 84355, 84359, 84362, 84365, 84369, 84371, 84375, 84378, 84380, 85883, 85976, 86039, 86124, 86128, 86130, 89221, 89226, 89230, 89250, 89267, 89286, 89300, 89304, 89306, 89329, 89346, 89355, 89369, 89374, 89408, 89414, 89430, 89474, 90696, 91670, 92877, 92885, 92920, 93035, 93037, 93080, 93097, 93140, 93189, 93363, 93366, 93370, 93374, 93377, 93636, 93797, 93922, 93954, 94035, 94377, 94390, 94398, 94403], "label": "window"}, {"objectId": 9, "id": 9, "partId": 9, "index": 23, "dominantNormal": [0.19823114573955536, -0.9801552891731262, -2.1763819394962663e-16], "obb": {"axesLengths": [1.6559371872459083, 1.3199999633431438, 0.055934506871252926], "centroid": [-1.0569830599629635, 0.9587697010031875, 0.02999992415308994], "normalizedAxes": [0.9801552891731262, 0.19823116064071655, 4.401615974829832e-17, 0, -2.220446049250313e-16, 1, 0.19823116064071655, -0.9801552891731262, -2.1763819394962663e-16]}, "segments": [9555, 10102, 10143, 26933, 33378], "label": "blackboard"}, {"objectId": 3, "id": 3, "partId": 3, "index": 24, "dominantNormal": [0.17894263565540314, -0.9838594794273376, -2.1846068941119016e-16], "obb": {"axesLengths": [2.2144185404863324, 1.5199999469518666, 0.07930349818376953], "centroid": [-1.5264338400174817, -2.752095097587338, -0.010000066608190528], "normalizedAxes": [0.9838594794273376, 0.17894265055656433, 3.973325014707026e-17, 0, -2.220446049250313e-16, 1, 0.17894265055656433, -0.9838594794273376, -2.1846068941119016e-16]}, "segments": [10800, 17060], "label": "blackboard"}, {"objectId": 5, "id": 5, "partId": 5, "index": 27, "dominantNormal": [-0.26695433259010315, -0.9637091755867004, -2.1398642315577653e-16], "obb": {"axesLengths": [1.3810588958616414, 0.8599999950826165, 0.684909616186947], "centroid": [-2.015245123756925, -2.6477500598232897, -1.180000057145953], "normalizedAxes": [0.9637091755867004, -0.26695433259010315, -5.927576931299486e-17, 0, -2.220446049250313e-16, 1, -0.26695433259010315, -0.9637091755867004, -2.1398642315577653e-16]}, "segments": [12535, 19847, 77302, 77596, 77605, 77621, 77626, 77630, 19424, 19306, 16519, 22051, 22193, 5224, 13538, 15844, 18908, 20281, 20284, 21102, 21510, 21560, 21950, 76378, 76445, 76707, 77363, 77379, 77570, 77573, 77577, 77581, 77587, 77598, 77607, 77612, 77619, 77636, 77642, 77738, 77750, 77763], "label": "chair"}, {"objectId": 20, "id": 20, "partId": 20, "index": 28, "dominantNormal": [0.39862871170043945, -0.917112410068512, -2.0363986276550604e-16], "obb": {"axesLengths": [0.7454932487636978, 0.559335994139254, 0.33756533459668703], "centroid": [-3.2461832233801866, -2.0422390684649194, -1.0002720598070618], "normalizedAxes": [0.917112410068512, 0.39862871170043945, 8.851335480129828e-17, 0, -2.220446049250313e-16, 1, 0.39862871170043945, -0.917112410068512, -2.0363986276550604e-16]}, "segments": [15586, 16186, 16271, 16289, 16304, 16305, 16309, 16310, 16319, 16326, 36292, 36302, 76699, 31969, 31360, 79338, 79969], "label": "chair"}, {"objectId": 4, "id": 4, "partId": 4, "index": 29, "dominantNormal": [-0.6279807686805725, -0.7782288789749146, -1.728015239732349e-16], "obb": {"axesLengths": [1.264352604771683, 0.9654330395437835, 0.814093581959314], "centroid": [-0.9760430896084448, -0.7555487147511161, -1.0872835739564106], "normalizedAxes": [0.7782288789749146, -0.6279807686805725, -1.394397416821952e-16, 0, -2.220446049250313e-16, 1, -0.6279807686805725, -0.7782288789749146, -1.728015239732349e-16]}, "segments": [45183, 45690, 48104, 48156, 48769, 48923, 49068, 49079, 49096, 49160, 49181, 49199, 54599, 54733, 54945, 56937, 61741, 81665, 85425, 85511, 61626, 85318, 34661, 45745, 45768, 45778, 45779, 47734, 47737, 48746, 48860, 48899, 48960, 60829, 60843, 61654, 61700, 61704, 61765, 78875, 81666, 81678, 83906, 84785, 84807, 85351, 85354, 85379, 86316, 86339, 86349, 86355, 84447, 53551, 58115, 65092], "label": "chair"}, {"objectId": 37, "id": 37, "partId": 37, "index": 30, "dominantNormal": [0.8684195876121521, 0.49583005905151367, 1.100963895720483e-16], "obb": {"axesLengths": [0.5531517539396845, 0.31789993529245403, 0.29923181102201823], "centroid": [-3.9140548903231083, -2.9794438657307616, -1.4288800207030776], "normalizedAxes": [-0.49583005905151367, 0.8684195876121521, 1.9282788424049893e-16, 0, -2.220446049250313e-16, 1, 0.8684195876121521, 0.49583005905151367, 1.100963895720483e-16]}, "segments": [71997, 72207, 72229, 92639], "label": "item"}, {"objectId": 40, "id": 40, "initialPoint": [-0.595304269383746, -0.4218241631939602, -1.187741077764608], "index": 31, "dominantNormal": [0, -2.220446049250313e-16, 1], "obb": {"axesLengths": [0.47855003129011, 0.18506002012506087, 0.4169210727166423], "centroid": [-0.4737268310444471, -0.579958413312277, -1.2674100879413626], "normalizedAxes": [0.9906630516052246, -0.13633328676223755, -3.027207079725204e-17, 0, -2.220446049250313e-16, 1, -0.13633328676223755, -0.9906630516052246, -2.19971385907508e-16]}, "segments": [45435, 53737, 49216, 49237, 81802, 40501, 45707], "partId": 40, "label": "chair"}], "scan_id": "8eabc418-5af7-2f32-85a1-a2709b29c46d", "annId": "4306", "appId": "stk.v1"}