{"segGroups": [{"objectId": 1, "id": 1, "partId": 1, "index": 0, "dominantNormal": [0, -2.220446049250313e-16, 1], "obb": {"axesLengths": [6.989813682133067, 0.29408001242399173, 4.907745528780522], "centroid": [-0.749775433255619, 2.4215128139192084, -1.2946199967276297], "normalizedAxes": [0.989161491394043, -0.14683164656162262, -3.2603174951267326e-17, 0, -2.220446049250313e-16, 1, -0.14683164656162262, -0.989161491394043, -2.1963797256364503e-16]}, "segments": [5072, 9512, 56398, 54100, 5145, 26896, 36776, 34528, 13288, 5890, 5287, 9498, 863, 38987, 33162, 21100, 35269, 37633, 48970, 47292, 11946, 80284, 1224, 80259, 2475, 12016, 12034, 2722, 2861, 65753, 66562, 296, 316, 942, 1204, 1265, 1334, 2787, 2832, 2944, 3271, 3344, 9076, 9095, 9553, 9941, 9988, 11250, 13211, 13220, 13229, 13241, 13244, 13245, 13250, 13256, 13265, 13820, 17142, 18320, 19609, 19650, 19653, 19668, 19700, 19708, 20061, 20083, 22174, 22175, 22260, 22657, 22659, 24416, 24483, 24495, 25547, 26102, 26109, 26820, 26827, 27567, 27690, 27701, 28092, 28126, 28128, 28133, 28685, 28937, 29295, 30099, 32929, 32965, 33811, 33869, 34288, 35256, 35778, 37141, 37921, 39933, 40584, 41061, 41070, 41075, 41083, 41221, 41428, 41602, 41660, 41822, 42395, 42396, 42777, 44168, 44208, 44857, 44874, 44889, 44920, 44925, 44975, 44980, 45001, 45008, 45016, 45043, 45521, 46596, 49685, 50204, 50288, 50353, 50357, 52718, 54307, 56393, 56579, 56589, 66311, 66828, 67047, 67463, 67468, 68201, 68203, 69021, 69025, 69029, 69935, 69938, 69942, 70261, 70291, 70301, 71404, 71407, 74708, 75305, 75311, 75313, 75399, 75403, 75433, 75435, 75438, 75452, 75470, 75514, 75529, 75531, 80229, 80234, 80245, 81022, 81233, 81238, 23795, 21147, 26676, 22071, 24226, 67023, 66929, 13572, 32941, 48464, 51174, 28663, 51156, 24225], "label": "floor"}, {"objectId": 2, "id": 2, "partId": 2, "index": 1, "dominantNormal": [0.6836414337158203, 0.7298180460929871, 1.620521597118756e-16], "obb": {"axesLengths": [0.7204515530737305, 1.007252804772865, 0.7237602192733714], "centroid": [1.4267337425771454, 1.778308161717724, -0.4257825925250516], "normalizedAxes": [0.6836414337158203, 0.7298180460929871, 1.620521597118756e-16, 0, -2.220446049250313e-16, 1, 0.7298180460929871, -0.6836414337158203, -1.517988920598113e-16]}, "segments": [36399, 9290, 61065, 9358, 61048, 62852, 4288, 4295, 32644, 34434, 34454, 36258, 36408, 36545, 36549, 71774, 72888, 75039, 27737, 29945, 36166, 4529, 4601, 67766, 67805, 4564, 9758, 27832, 36304, 72821, 72824, 74734, 13537, 9793, 74325], "label": "chair"}, {"objectId": 3, "id": 3, "partId": 3, "index": 2, "dominantNormal": [0.8949199318885803, -0.44622674584388733, -9.908224148788832e-17], "obb": {"axesLengths": [4.04350932635004, 2.8283299767599246, 0.4053826849491241], "centroid": [-2.762529884739429, 3.456606245605187, 0.0841649866066505], "normalizedAxes": [0.44622674584388733, 0.8949199318885803, 1.9871214271573575e-16, 0, -2.220446049250313e-16, 1, 0.8949199318885803, -0.44622674584388733, -9.908224148788832e-17]}, "segments": [16397, 21155, 83727, 17672, 9682, 66979, 83782, 83751, 83800, 83722, 84010, 14870, 83218, 59440, 59472], "label": "wall"}, {"objectId": 4, "id": 4, "partId": 4, "index": 3, "dominantNormal": [-0.44698527455329895, -0.894541323184967, -1.9862807469572076e-16], "obb": {"axesLengths": [5.891963555862792, 2.972329907737747, 0.24809322526342634], "centroid": [0.5335983725304105, 3.99305070861349, 0.17367500819984794], "normalizedAxes": [0.894541323184967, -0.44698524475097656, -9.925066207804902e-17, 0, -2.220446049250313e-16, 1, -0.44698524475097656, -0.894541323184967, -1.9862807469572076e-16]}, "segments": [62870, 43489, 15534, 19869, 41299, 33466, 53034, 33252, 85322, 29240, 51392, 21280, 84615, 20213, 46565, 55140, 32529, 28416, 85039, 84243, 50981, 77114, 50400, 51927], "label": "wall"}, {"objectId": 5, "id": 5, "partId": 5, "index": 4, "dominantNormal": [0.8212732076644897, -0.5705351233482361, -1.2668424605971309e-16], "obb": {"axesLengths": [1.7986921732707766, 1.2483499292653064, 1.1576843772182919], "centroid": [-0.11883823460206883, 1.622225587431897, -0.6941749519518399], "normalizedAxes": [0.5705351233482361, 0.8212732076644897, 1.8235928493137482e-16, 0, -2.220446049250313e-16, 1, 0.8212732076644897, -0.5705351233482361, -1.2668424605971309e-16]}, "segments": [26003, 43389, 77263, 18641, 24809, 36327, 15085, 18994, 71663, 51352, 30281, 56555, 16238, 14574, 14049, 14383, 14398, 14421, 14455, 14461, 14493, 14495, 14539, 14552, 14554, 14591, 14603, 14613, 14627, 14761, 15038, 15054, 15060, 15073, 15079, 15095, 15097, 15119, 15163, 15165, 15169, 15173, 15190, 15192, 15229, 15945, 16689, 16690, 16697, 16718, 16729, 16733, 16757, 16769, 16858, 17692, 18744, 18783, 19019, 19027, 19066, 19106, 19114, 21522, 21559, 21629, 21659, 21693, 21704, 21759, 24130, 24398, 24891, 24918, 24936, 24944, 24965, 25006, 25446, 25478, 25479, 25486, 25499, 25522, 25528, 25912, 25963, 28213, 28249, 28795, 29159, 30249, 30276, 34484, 38300, 38301, 38330, 38347, 38351, 38471, 38475, 38489, 38528, 42183, 42222, 42893, 50114, 51146, 51191, 51208, 51220, 51234, 51238, 51246, 51250, 51260, 51274, 51312, 51350, 52593, 52670, 69310, 69364, 69369, 69444, 69448, 69450, 69718, 69880, 70175, 70253, 70257, 70284, 70976, 71073, 71076, 71125, 71294, 71461, 71464, 71466, 72250, 73358, 73361, 73453, 73491, 74535, 74775, 75372, 76999, 77011, 77771, 77773, 77775, 77790, 78258, 33909, 36442, 72858, 69316, 80452, 22018, 72869], "label": "desk"}, {"objectId": 6, "id": 6, "partId": 6, "index": 5, "dominantNormal": [0.8777944445610046, -0.47903746366500854, -1.0636768436378586e-16], "obb": {"axesLengths": [1.6273723681804182, 0.9780659456983365, 0.8551953089548847], "centroid": [-0.7696037727483791, 1.8733996789237377, -0.7966769641487231], "normalizedAxes": [0.47903746366500854, 0.8777944445610046, 1.9490952064793557e-16, 0, -2.220446049250313e-16, 1, 0.8777944445610046, -0.47903746366500854, -1.0636768436378586e-16]}, "segments": [39353, 46669, 41306, 41195, 40507, 74211, 39505, 41013, 74281, 41140, 69495, 76272, 43983, 39213, 13179, 13615, 13665, 14631, 14665, 16971, 17018, 38287, 38521, 38540, 38565, 38721, 38746, 38785, 39217, 39332, 39386, 39497, 40019, 40459, 41150, 41168, 41178, 41216, 41223, 41225, 41233, 41237, 42601, 42631, 42667, 42761, 42977, 43007, 43080, 43088, 43123, 43143, 43149, 43162, 43168, 43176, 43370, 43508, 43520, 43562, 43585, 43600, 43662, 43673, 43683, 43690, 43726, 43744, 43747, 43756, 43760, 43769, 43955, 46884, 49935, 49963, 50738, 50754, 50769, 52711, 69082, 69321, 69359, 73356, 73612, 74247, 74289, 74293, 74295, 74769, 74771, 74853, 74860, 74863, 74878, 75104, 75111, 75114, 75119, 75123, 75126, 76263, 76282, 77050, 77057, 77059, 78166, 78256, 78287, 78289, 78291, 40404, 69512], "label": "desk"}, {"objectId": 7, "id": 7, "partId": 7, "index": 6, "dominantNormal": [0, -2.220446049250313e-16, 1], "obb": {"axesLengths": [1.806222926227652, 0.9633199953290815, 1.1928160520713225], "centroid": [2.140424673179665, 2.7740795906015427, -0.851659982748553], "normalizedAxes": [0.7559452652931213, -0.6546348333358765, -1.453581329382284e-16, 0, -2.220446049250313e-16, 1, -0.6546348333358765, -0.7559452652931213, -1.678535677769591e-16]}, "segments": [23880, 29477, 23899, 23443, 33450, 70655, 19224, 19404, 19435, 19483, 19505, 19517, 19905, 19965, 19967, 20342, 20400, 20413, 20475, 20496, 20500, 20506, 20534, 20542, 20569, 22507, 22513, 22536, 22556, 22578, 22588, 23218, 23932, 23955, 26221, 26243, 26252, 26262, 29457, 29582, 32448, 32449, 33221, 33226, 35976, 36014, 36021, 36023, 36026, 36965, 37319, 46239, 49666, 49673, 52445, 56254, 69731, 69913, 69916, 70000, 70001, 70048, 70050, 70057, 70058, 70376, 70378, 70387, 70395, 70641, 71154, 71160, 71500, 71504, 71552, 71560, 72008, 72354, 75989, 76889, 78033, 78163, 78321, 20393, 37495, 19615, 51958, 49884, 34324], "label": "desk"}, {"objectId": 8, "id": 8, "partId": 8, "index": 7, "dominantNormal": [0.827319860458374, 0.5617311000823975, 1.2472936019189917e-16], "obb": {"axesLengths": [0.6507528545497645, 1.3736816933673235, 0.6086072431032457], "centroid": [1.709104821182673, 2.3724583703819975, -0.5868791394484978], "normalizedAxes": [-0.5617311000823975, 0.827319860458374, 1.837019115621117e-16, 0, -2.220446049250313e-16, 1, 0.827319860458374, 0.5617311000823975, 1.2472936019189917e-16]}, "segments": [34198, 31075, 73057, 27761, 20012, 72336, 71366, 12498, 31136, 12482, 20692, 27342, 27357, 27358, 27379, 30920, 31085, 31116, 31140, 32442, 32464, 32533, 32559, 32573, 34179, 37775, 37843, 52790, 52814, 71287, 71297, 71305, 71359, 71432, 71443, 71725, 71726, 71728, 71730, 71734, 71738, 71753, 73091, 73172, 78341, 72322, 78330, 52919, 27794, 27395, 75971, 27429, 70465, 21075, 21078, 23033, 23056, 23092, 23123, 23068, 76848, 76869, 23101, 76810, 20043, 23067, 23093, 23100, 23117, 23125, 23140, 23155, 23158, 23163, 23166, 23184, 23192, 23193, 23208, 23212, 23225, 48460, 48482, 70459, 70484, 76857, 76860, 76863, 76865, 20045, 48451], "label": "chair"}, {"objectId": 9, "id": 9, "partId": 9, "index": 8, "dominantNormal": [0.8934233784675598, -0.44921568036079407, -9.974591827184166e-17], "obb": {"axesLengths": [3.1693937328104753, 2.656359970799982, 0.20770702699078925], "centroid": [2.316935891841781, 1.4079732430865575, 0.04182000016070875], "normalizedAxes": [0.44921568036079407, 0.893423318862915, 1.9837982786772624e-16, 0, -2.220446049250313e-16, 1, 0.893423318862915, -0.44921568036079407, -9.974591827184166e-17]}, "segments": [27911, 9165, 33392, 16322, 2853, 7432, 7844, 8347, 10536, 10598, 15684, 15689, 15731, 16776, 23565, 23595, 23606, 30297, 30312, 54613, 54621, 54751, 54796, 54814, 56247, 68397, 68401, 70697, 82337, 82893, 51905, 82312, 59952, 48538, 58947, 82293, 16639, 16613], "label": "wall"}, {"objectId": 10, "id": 10, "partId": 10, "index": 9, "dominantNormal": [0.8738422989845276, -0.4862094223499298, -1.0796017909651785e-16], "obb": {"axesLengths": [2.102733685124125, 1.760000010728835, 0.21383548256708482], "centroid": [2.5535279424757404, 1.7450991270543725, 0.33000001715116123], "normalizedAxes": [0.4862094521522522, 0.8738422989845276, 1.9403196804480052e-16, 0, -2.220446049250313e-16, 1, 0.8738422989845276, -0.4862094521522522, -1.0796018571396275e-16]}, "segments": [11960, 35293, 59118, 8316, 82763, 53292, 55614, 58998, 10112, 13794, 8994, 9248, 9252, 9303, 9312, 9915, 11352, 11375, 12208, 12209, 12238, 12255, 12852, 12859, 12879, 32612, 32653, 32657, 33359, 48588, 48591, 48592, 48602, 48603, 54919, 54921, 55722, 55787, 58985, 59050, 59130, 67703, 70692, 70694, 72035, 72047, 72050, 76570, 77685, 77687, 77692, 77701, 77707, 77710, 82851, 82858, 82878, 82896, 82899, 82904, 82364, 9280, 9429, 9596, 9603, 9639, 9694, 10055, 10800, 10840, 14547, 19158, 19196, 29509, 29528, 29544, 30057, 32654, 33329, 33349, 33352, 37005, 37006, 37016, 67708, 67711, 67715, 67757, 67827, 67834, 67875, 67881, 67897, 68378, 69890, 71540, 72043, 72119, 72122, 72967, 72969, 72972, 72974, 72981, 72996, 14336, 10418, 10549, 11517, 11643, 14341, 14602, 14914, 67721, 68356, 72463, 82872, 19486, 9349, 10508, 10719, 10827, 11659, 11791, 15219, 16694, 16793, 16813, 17278, 17377, 17473, 17474, 17589, 17595, 17600, 17640, 17702, 17935, 18038, 18276, 18481, 18524, 19248, 30118, 30239, 37040, 67743, 68651, 68659, 68844, 69032, 69211, 69214, 69218, 72993], "label": "window"}, {"objectId": 11, "id": 11, "partId": 11, "index": 10, "dominantNormal": [0.9077901840209961, -0.4194245934486389, -9.31309681481449e-17], "obb": {"axesLengths": [1.6621765030459272, 1.8037989332422841, 0.5682626629487242], "centroid": [-2.9549624753715884, 2.5338753890312495, -0.3885504700419198], "normalizedAxes": [0.41942456364631653, 0.9077901840209961, 2.0156991276576355e-16, 0, -2.220446049250313e-16, 1, 0.9077901840209961, -0.41942456364631653, -9.31309615307e-17]}, "segments": [1515, 852, 10649, 672, 68997, 12767, 11983, 13024, 68044, 334, 45631, 74120, 45670, 24665, 7454, 7427, 13359, 13398, 70586, 39736, 73892, 54696, 1923, 1458, 68410, 68466, 68451, 10725, 11190, 10341, 68497, 47, 65, 91, 106, 320, 347, 350, 372, 374, 378, 550, 661, 673, 750, 857, 981, 1015, 1131, 1173, 1178, 1193, 1365, 1402, 1421, 1473, 1611, 1616, 1650, 1668, 1699, 1729, 1732, 1762, 1777, 1791, 1795, 1797, 1800, 1852, 2385, 4932, 5602, 5849, 5991, 6075, 6077, 6080, 6081, 6156, 6214, 6263, 6331, 6342, 6363, 6364, 6395, 6468, 6558, 6562, 7127, 7152, 7166, 7169, 7591, 7666, 7673, 7691, 7806, 8044, 10128, 10231, 10232, 10269, 10298, 10404, 10427, 10433, 10445, 10468, 10538, 10734, 10750, 10768, 10790, 10812, 10972, 10998, 11130, 11208, 11575, 11645, 11699, 11751, 11766, 11789, 11805, 11819, 11851, 11881, 12262, 12823, 12839, 12878, 12965, 12978, 12983, 13410, 13774, 14995, 18487, 22085, 22099, 23644, 23648, 23681, 23684, 23688, 23703, 23704, 23715, 24574, 25673, 25700, 25718, 25730, 25759, 25767, 26636, 27165, 27219, 30082, 32030, 32039, 38183, 38197, 38202, 38204, 38822, 38935, 38937, 39589, 39610, 39629, 39679, 39701, 39749, 39760, 39792, 39797, 39801, 39810, 39811, 39825, 39850, 39885, 40184, 40206, 40211, 40243, 45624, 45681, 45682, 54379, 54386, 54391, 54444, 54473, 54479, 54539, 54652, 67063, 67066, 67070, 67081, 67083, 67123, 67131, 67261, 67269, 67283, 67287, 67290, 67304, 67336, 67417, 67451, 67454, 67460, 67605, 67679, 67689, 67694, 67929, 67931, 67975, 67999, 68009, 68021, 68025, 68060, 68172, 68421, 68438, 68475, 68478, 68541, 68559, 68579, 68597, 68627, 68632, 68641, 68647, 68735, 68767, 68777, 68803, 68853, 68861, 68863, 68872, 68874, 68879, 68961, 68970, 68975, 69037, 69043, 69050, 69823, 70610, 70613, 70712, 71085, 71333, 71342, 73553, 73628, 73647, 73653, 73654, 73729, 73732, 73737, 73766, 73800, 73914, 73916, 73928, 73931, 73934, 73937, 74015, 74027, 74098, 75664, 75675, 75766, 75778, 75873, 75947, 78889, 78909, 78912, 79093, 79096, 81335, 81382, 11, 7370], "label": "shelf"}, {"objectId": 12, "id": 12, "partId": 12, "index": 11, "dominantNormal": [-0.4833504855632782, -0.8754269480705261, -1.9438383082504587e-16], "obb": {"axesLengths": [1.1567315398967861, 1.2954199117700769, 0.5497557339368248], "centroid": [0.2697198835533352, 3.905380274637147, -0.6377099449178586], "normalizedAxes": [0.8754269480705261, -0.4833504557609558, -1.0732536098977526e-16, 0, -2.220446049250313e-16, 1, -0.4833504557609558, -0.8754269480705261, -1.9438383082504587e-16]}, "segments": [43399, 14208, 70823, 46056, 43447, 70684, 194, 206, 231, 813, 14254, 14262, 14267, 14278, 14279, 14308, 14322, 14340, 14367, 17870, 17926, 17930, 17943, 17979, 25171, 25219, 42704, 42745, 44012, 44655, 69287, 69290, 69813, 70677, 70841, 70842, 70847, 70849, 75279, 75287, 81240, 28810, 55028, 63004, 55122, 55085, 25057, 72214], "label": "commode"}, {"objectId": 13, "id": 13, "partId": 13, "index": 12, "dominantNormal": [-0.4377465844154358, -0.8990983963012695, -1.9963994819544462e-16], "obb": {"axesLengths": [1.4690733221036714, 0.4200000073015689, 0.10710143328030156], "centroid": [1.9503116195328438, 3.2910765472759413, 0.06000001245729614], "normalizedAxes": [0.8990983963012695, -0.4377465844154358, -9.719926739380731e-17, 0, -2.220446049250313e-16, 1, -0.4377465844154358, -0.8990983963012695, -1.9963994819544462e-16]}, "segments": [84597, 28075, 84812, 37536, 38133, 84815, 33788, 23972, 35374, 36579, 36984, 37038, 37532, 37535, 37563, 32066, 26515, 38372, 24302, 33632, 22654, 36933, 37571], "label": "picture"}, {"objectId": 14, "id": 14, "partId": 14, "index": 13, "dominantNormal": [-0.43110328912734985, -0.9023025631904602, -2.0035141616646883e-16], "obb": {"axesLengths": [0.5344919620577534, 0.43999998778104815, 0.04387392088113876], "centroid": [1.5669319184109365, 3.5086485327234427, 0.7700000049322093], "normalizedAxes": [0.9023025631904602, -0.43110325932502747, -9.572415289871904e-17, 0, -2.220446049250313e-16, 1, -0.43110325932502747, -0.9023025631904602, -2.0035141616646883e-16]}, "segments": [84902, 43703], "label": "picture"}, {"objectId": 15, "id": 15, "partId": 15, "index": 14, "dominantNormal": [-0.4454653561115265, -0.8952991962432861, -1.9879635631953854e-16], "obb": {"axesLengths": [1.6019455690707896, 0.6999999128282086, 0.16721985883647544], "centroid": [-1.6747468461481725, 5.559653617609415, 2.1799999698399746], "normalizedAxes": [0.8952991962432861, -0.4454653263092041, -9.891317238812738e-17, 0, -2.220446049250313e-16, 1, -0.4454653263092041, -0.8952991962432861, -1.9879635631953854e-16]}, "segments": [64060, 63481, 63505, 63620, 65369, 65395, 65566, 86394, 86396, 86404, 86489, 63639, 63368, 65515, 65364, 65314, 86621, 63427, 61075, 61181, 61242, 61262, 61296, 61297, 61326, 63466, 63467, 63568, 63576, 63584, 63587, 63611, 65357, 65372, 65426, 65534, 65563, 65574, 83828, 83830, 83832, 83838, 86043, 86399, 86697], "label": "ceiling"}, {"objectId": 16, "id": 16, "partId": 16, "index": 15, "dominantNormal": [0.8897984027862549, -0.4563537538051605, -1.0133088896972187e-16], "obb": {"axesLengths": [3.147667772303053, 1.3399999326467522, 0.5249480859289999], "centroid": [-2.305153795401366, 3.7305719190928714, -0.6199999552816908], "normalizedAxes": [0.4563537836074829, 0.8897984027862549, 1.9757493480959784e-16, 0, -2.220446049250313e-16, 1, 0.8897984027862549, -0.4563537836074829, -1.0133089558716677e-16]}, "segments": [11174, 2263, 56051, 4370, 56770, 4361, 11509, 81813, 81827, 81621, 11677, 4942, 11711, 57720, 81252, 46522, 76005, 57127, 76011, 57288], "label": "commode"}, {"objectId": 17, "id": 17, "partId": 17, "index": 16, "dominantNormal": [-0.43020159006118774, -0.9027328491210938, -2.0044695883594116e-16], "obb": {"axesLengths": [1.4497626364688285, 1.879999953210354, 0.40970925547596154], "centroid": [-0.09649946867685921, 4.1719993330873, -0.3299999645204106], "normalizedAxes": [0.9027328491210938, -0.43020159006118774, -9.552394210325671e-17, 0, -2.220446049250313e-16, 1, -0.43020159006118774, -0.9027328491210938, -2.0044695883594116e-16]}, "segments": [53890, 78592, 78712, 53541, 78577, 78538, 78452, 54128, 78479, 54152, 78048, 47387, 47462, 47465, 47471, 47498, 47535, 48501, 48905, 48934, 53323, 53349, 53392, 53472, 53593, 53599, 53605, 53738, 53745, 53787, 53814, 53826, 53899, 53901, 53914, 54013, 54206, 54212, 54217, 54241, 58160, 58169, 58218, 60035, 78429, 78431, 78460, 78462, 78465, 78481, 78514, 78620, 78623, 78709, 78759, 78784, 78851, 79616, 79707, 85466, 48287, 84454, 76530, 56020, 55292, 79318, 85656, 55603, 47783, 47774, 55159, 56044, 79958, 80177, 79672, 78683, 58346, 48885, 48804, 48671, 48826, 19788, 22328, 22345, 22355, 22366, 22390, 22420, 22427, 22429, 22434, 22449, 22452, 22483, 29804, 29808, 29817, 29820, 29822, 32471, 35317, 35323, 35327, 35339, 35341, 35368, 35405, 35417, 35425, 35439, 35446, 35454, 35472, 35498, 46341, 46347, 46997, 47025, 47041, 47061, 47064, 47098, 47134, 47173, 47541, 47575, 47579, 47636, 47675, 47700, 47702, 47746, 47763, 47768, 47784, 47787, 47803, 47897, 47916, 47932, 47947, 47967, 47978, 47991, 48025, 48026, 48060, 48064, 48146, 48150, 48170, 48198, 48208, 48316, 48322, 48329, 48378, 48693, 48716, 48739, 48767, 48769, 48806, 48813, 48823, 48838, 48876, 48917, 49058, 49340, 49382, 49450, 49515, 54043, 54193, 54775, 54776, 54781, 54853, 54913, 54955, 55024, 55035, 55036, 55157, 55165, 55213, 55230, 55239, 55250, 55277, 55285, 55305, 55333, 55361, 55374, 55399, 55403, 55426, 55428, 55438, 55439, 55442, 55508, 55515, 55542, 55545, 55575, 55617, 55618, 55649, 55669, 55680, 55750, 55755, 55766, 55804, 55811, 55933, 55974, 55994, 56004, 56018, 56021, 56038, 56171, 60052, 60106, 60152, 60173, 60225, 60322, 60375, 60428, 64354, 64613, 70367, 70371, 72487, 72489, 72493, 72498, 72502, 72507, 72509, 72512, 72513, 76284, 76287, 76291, 76293, 76404, 76418, 76419, 76471, 76473, 76477, 76578, 76584, 76598, 76691, 76694, 76696, 76717, 76730, 76769, 76774, 76797, 78704, 78779, 78841, 78859, 79184, 79185, 79316, 79328, 79434, 79484, 79564, 79582, 79748, 79750, 79752, 79754, 79803, 79806, 79826, 79846, 79925, 79928, 79931, 79971, 80042, 80051, 80057, 80142, 80151, 80165, 85114, 85139, 85171, 85534, 85699, 80007, 35720, 72542, 72661, 72561, 32821, 9406, 9447, 17880, 17989, 29854, 29905, 32780, 32787, 32829, 32855, 32868, 35493, 35580, 35591, 35618, 35648, 35652, 35685, 38668, 48489, 70791, 70794, 72518, 72520, 72549, 72608, 72609, 72619, 72677, 72680, 72690, 72693, 72697, 75995, 79768, 72057, 72065, 32885, 64390, 46355, 60115], "label": "plant"}, {"objectId": 18, "id": 18, "partId": 18, "index": 17, "dominantNormal": [0.9080654382705688, 0.4188283681869507, 9.299857954546702e-17], "obb": {"axesLengths": [0.7179907718355838, 0.7098349770195412, 0.5739251878147936], "centroid": [-1.3456145441806004, 2.039689633807906, -0.544917470464539], "normalizedAxes": [-0.41882839798927307, 0.9080653786659241, 2.0163101825197406e-16, 0, -2.220446049250313e-16, 1, 0.9080653786659241, 0.41882839798927307, 9.299858616291192e-17]}, "segments": [46899, 3523, 76120, 46855, 5267, 5790, 5800, 5815, 5840, 5848, 7908, 10945, 11357, 11363, 11366, 11380, 11394, 11401, 11412, 11423, 11431, 11432, 11437, 11442, 11447, 12117, 12126, 12136, 12146, 12149, 29846, 39129, 39139, 39143, 39149, 46740, 46742, 46750, 46756, 46762, 46783, 68530, 68534, 68671, 68673, 68675, 68786, 68790, 73559, 76022, 76057, 76060, 76064, 76139, 76146, 76148, 29923, 76047, 5823, 4548], "label": "chair"}, {"objectId": 19, "id": 19, "partId": 19, "index": 18, "dominantNormal": [0.8842025399208069, -0.46710366010665894, -1.0371784766741919e-16], "obb": {"axesLengths": [0.7881266798470291, 0.7122260172912623, 0.5211921567145801], "centroid": [1.547015019045159, 0.38375588298992946, -0.9360469852378144], "normalizedAxes": [0.46710366010665894, 0.8842025399208069, 1.963324036504248e-16, 0, -2.220446049250313e-16, 1, 0.8842025399208069, -0.46710366010665894, -1.0371784766741919e-16]}, "segments": [5922, 15389, 45227, 72233, 45202, 27504, 15322, 15347, 15366, 27463, 27496, 56172, 69420, 71384, 72239, 72318, 75547], "label": "commode"}, {"objectId": 20, "id": 20, "partId": 20, "index": 19, "dominantNormal": [0, -2.220446049250313e-16, 1], "obb": {"axesLengths": [0.3689025687080487, 0.30015396400941974, 0.3881433729516309], "centroid": [1.8673435031978025, 0.9656373916142889, -1.1455629693815188], "normalizedAxes": [-0.27410244941711426, 0.9617004990577698, 2.1354040736948793e-16, 0, -2.220446049250313e-16, 1, 0.9617004990577698, 0.27410244941711426, 6.086297008980651e-17]}, "segments": [26755, 35213, 36118, 36143, 26795, 26768], "label": "garbage bin"}, {"objectId": 21, "id": 21, "partId": 21, "index": 20, "dominantNormal": [0.8494182229042053, -0.5277202725410461, -1.1717743942730644e-16], "obb": {"axesLengths": [0.32085341519477273, 0.31656902320901237, 0.14682447388278477], "centroid": [-2.6380883420490715, 3.042128960507524, 0.5010235013732274], "normalizedAxes": [0.5277202129364014, 0.8494182229042053, 1.8860873372088645e-16, 0, -2.220446049250313e-16, 1, 0.8494182229042053, -0.5277202129364014, -1.1717742619241664e-16]}, "segments": [14960, 14938, 69403, 14922, 14980], "label": "box"}, {"objectId": 22, "id": 22, "partId": 22, "index": 21, "dominantNormal": [0, -2.220446049250313e-16, 1], "obb": {"axesLengths": [6.971714330362533, 2.0025500803615874, 4.152731023250611], "centroid": [0.08283387542651482, 2.622126695254845, 2.214734993038958], "normalizedAxes": [0.937721312046051, -0.34738853573799133, -7.71357501734274e-17, 0, -2.220446049250313e-16, 1, -0.34738853573799133, -0.937721312046051, -2.082159582630474e-16]}, "segments": [31314, 31847, 3957, 32312, 3252, 3342, 64122, 64105, 64211, 64667, 64632, 33966, 29574, 86928, 4206, 29765, 60843, 60907, 63798, 83707, 86471, 63277, 60866, 63198, 63208, 63221, 63286, 63749, 63750, 63786, 64476, 65607, 65629, 86610, 86694, 50536, 56191, 54611, 69467, 17202, 69705, 69694, 13904, 13917, 13941, 13972, 14085, 14088, 14097, 15803, 15809, 16073, 16077, 16083, 16085, 16122, 16149, 16892, 16910, 16913, 16941, 17031, 17257, 17463, 17542, 17572, 17636, 22271, 22284, 22895, 22951, 28437, 28443, 28473, 28495, 28705, 28707, 28709, 28716, 28722, 28736, 28740, 28759, 28768, 28778, 30832, 30885, 33900, 44368, 44412, 44464, 44721, 44727, 44759, 50476, 50546, 50547, 50550, 50656, 51889, 52119, 53154, 53242, 54340, 54457, 54489, 54495, 56206, 56226, 56741, 56745, 58528, 58777, 59186, 59193, 60240, 60920, 61408, 62999, 63087, 63171, 63218, 64427, 64580, 64832, 64836, 64837, 64849, 64904, 64924, 64959, 65150, 65240, 65253, 65554, 65632, 65676, 66619, 66640, 66725, 66759, 66761, 66763, 69483, 69673, 70433, 70435, 70439, 70441, 70446, 71479, 71483, 71492, 71495, 71720, 75365, 82090, 82091, 82122, 85951, 85953, 86987, 86992, 87080, 30589, 30533, 65861, 22800, 22807, 22829, 22830, 22843, 22856, 22859, 22904, 22923, 30600, 30715, 30721, 30730, 30732, 30741, 30743, 30757, 30762, 30764, 30769, 30829, 30860, 57617, 57949, 58464, 58498, 58536, 58541, 58562, 58575, 58589, 58603, 58620, 58631, 58694, 58695, 58700, 58713, 58731, 58754, 58757, 59409, 59560, 60131, 60148, 60193, 60365, 60621, 61040, 61166, 61352, 61440, 61765, 64689, 65739, 65793, 65801, 65817, 65843, 65865, 65879, 65890, 65920, 66010, 66071, 66112, 66149, 66200, 66388, 66391, 66431, 66471, 66534, 66606, 66656, 66668, 66699, 66709, 66710, 66715, 82107, 82136, 82139, 84072, 84074, 84122, 84125, 85946, 85948, 86017, 86108, 86327, 86343, 86389, 86979, 86982, 4124, 66001, 58547, 58556, 58571, 65760, 66222, 66290, 66296, 66430, 66498, 66509, 66681, 84105, 84129, 86038, 86056, 66226, 3846, 5440, 5460, 5483, 5484, 5492, 5518, 5533, 62231, 67905, 67908, 67911, 81691, 3880, 58429, 58843, 61663, 51732, 49467, 28145, 31139, 37555, 54088, 85250, 49372, 32215, 51495, 62919, 86564, 47202, 25565, 37501, 47276, 47330, 47350, 47437, 49118, 74882, 74904, 74897, 47321, 46224, 19432, 47589, 49594, 49614, 49778, 75574, 75594, 75567, 63656, 4785, 2437, 7560, 67248, 530, 543, 546, 577, 578, 1619, 1663, 1924, 2557, 5103, 5143, 5297, 6272, 6534, 7565, 7608, 7655, 7711, 7778, 7875, 8041, 8067, 8073, 8082, 8104, 8108, 20544, 24820, 24924, 26123, 26140, 26183, 26226, 26407, 26823, 27466, 29039, 37894, 37925, 37930, 38997, 39002, 39405, 39412, 39422, 45221, 45834, 45986, 46748, 47549, 47607, 47645, 63683, 66728, 66729, 67078, 67229, 67235, 67238, 67455, 67458, 67561, 67670, 72260, 74378, 74906, 2495, 617, 2175, 6039, 20942, 20945, 20946, 20973, 21188, 61772, 86540, 20992, 21174, 21196, 61707, 70112, 61694, 86518, 2168, 44347, 1508, 3155, 3163, 6501, 15761, 15773, 15912, 44420, 27340, 28012, 2065, 5410, 22723, 22744, 26709, 26957, 26962, 27006, 29399, 49694, 51682, 52184, 52805, 52844, 52859, 52888, 53222, 53384, 53477, 53488, 53768, 53925, 53942, 56548, 56763, 56791, 56888, 56891, 56898, 56914, 56918, 56955, 57080, 57351, 57358, 60669, 62362, 62777, 62791, 64762, 64774, 64925, 68424, 70403, 76548, 76550, 28805, 36719, 83968, 5680, 58170, 74388, 6889, 74447, 66992, 1038, 1043, 1073, 1075, 1085, 1097, 3267, 3338, 3714, 3784, 3847, 4211, 4437, 4445, 4451, 4456, 4487, 4508, 4530, 4574, 4606, 4610, 4624, 4638, 4666, 5339, 5401, 5416, 5419, 5435, 5468, 5648, 5701, 5709, 5717, 5718, 5738, 5742, 5747, 5762, 6425, 6463, 6989, 6991, 7040, 7071, 7115, 16459, 16476, 16510, 16546, 18280, 21787, 21788, 21804, 21806, 31564, 31731, 31737, 31831, 31916, 34394, 38004, 38017, 38033, 38041, 38043, 38054, 38055, 38082, 38107, 38142, 38143, 38161, 42063, 42078, 42116, 51353, 51950, 52234, 58128, 58141, 58151, 58179, 58230, 58244, 58261, 58263, 61871, 61880, 61883, 61928, 64799, 64804, 66755, 66756, 66919, 66920, 66924, 66926, 66983, 66986, 67007, 67009, 67127, 67128, 67151, 67163, 67167, 67171, 67172, 67192, 67483, 67485, 67533, 68644, 68684, 69855, 71147, 72397, 74191, 74418, 74423, 74426, 74462, 81924, 81926, 81941, 81966, 82001, 83845, 83931, 83998, 84001, 86222, 58874, 45048, 6934, 12531, 12536, 12551, 12559, 13118, 20138, 20589, 21463, 21464, 22643, 22780, 22788, 22814, 27970, 34649, 34653, 39466, 39483, 39987, 66801, 66948, 67515, 68147, 68149, 68152, 68827, 68829, 68831, 72417, 39973, 42008, 4368, 4417, 6863, 7008, 12313, 12317, 12349, 12405, 12413, 12416, 12476, 12479, 12480, 12500, 12509, 13067, 13078, 13090, 13106, 18933, 18949, 18953, 18974, 41901, 41912, 41928, 41970, 42026, 42053, 58387, 58438, 58783, 58784, 58785, 58828, 64857, 64864, 65007, 65032, 68807, 68809, 68810, 68819, 68847, 74382, 82049, 82064, 82088, 82150, 82184, 38586, 39480, 66799, 66807, 6928, 12309, 12452, 41875, 41929, 65049, 26020, 27043, 86808, 21391, 86758], "label": "ceiling"}, {"objectId": 27, "id": 27, "partId": 27, "index": 22, "dominantNormal": [0, -2.220446049250313e-16, 1], "obb": {"axesLengths": [0.5028950931609861, 0.2746449945573881, 0.46249684348412706], "centroid": [0.30026013916896743, 3.9290448631918764, -0.047322484299857415], "normalizedAxes": [0.8110493421554565, -0.5849777460098267, -1.2989115250268727e-16, 0, -2.220446049250313e-16, 1, -0.5849777460098267, -0.8110493421554565, -1.800891307536149e-16]}, "segments": [72287, 25035, 63159, 70780, 27099, 14200, 38560, 38552], "label": "printer"}, {"objectId": 28, "id": 28, "partId": 28, "index": 23, "dominantNormal": [0, -2.220446049250313e-16, 1], "obb": {"axesLengths": [1.2235465730472386, 0.4378380081540789, 0.4753233051560223], "centroid": [0.3181262532088701, 3.951811218065297, 0.3619000050894168], "normalizedAxes": [0.9355250000953674, -0.35326051712036133, -7.843959195960289e-17, 0, -2.220446049250313e-16, 1, -0.35326051712036133, -0.9355250000953674, -2.0772827904366574e-16]}, "segments": [19747, 69969, 34038, 73235, 34012, 42615, 42658, 46654, 73174, 73203, 42555, 19356, 76753, 76902, 19785, 26972, 27037, 28354, 28356, 28367, 30422, 30443, 31440, 31499, 31622, 31646, 31798, 31890, 31923, 31934, 31950, 49075, 49085, 49181, 49374, 51457, 51484, 71307, 71470, 71700, 71829, 71914, 71917, 71961, 49375], "label": "shelf"}, {"objectId": 30, "id": 30, "partId": 30, "index": 24, "dominantNormal": [-0.46745532751083374, -0.8840166926383972, -1.9629113726402574e-16], "obb": {"axesLengths": [1.2330526068843257, 0.39999996721744563, 0.30113609314747314], "centroid": [0.3393647785103667, 3.987711122277613, 0.8099999956934893], "normalizedAxes": [0.8840166926383972, -0.46745529770851135, -1.037959268997993e-16, 0, -2.220446049250313e-16, 1, -0.46745529770851135, -0.8840166926383972, -1.9629113726402574e-16]}, "segments": [70069, 43225, 34538, 43114, 51376, 21316, 30226, 73789, 73500, 21337], "label": "shelf"}, {"objectId": 31, "id": 31, "partId": 31, "index": 25, "dominantNormal": [0.762336254119873, -0.6471811532974243, -1.437030834988527e-16], "obb": {"axesLengths": [0.4830100477231086, 0.7045079759245811, 0.3755411947010249], "centroid": [-2.054238485536769, 4.378675789551362, 0.2777460046019551], "normalizedAxes": [0.6471811532974243, 0.762336254119873, 1.6927265236607548e-16, 0, -2.220446049250313e-16, 1, 0.762336254119873, -0.6471811532974243, -1.437030834988527e-16]}, "segments": [83127, 83100, 59923, 59768, 59889, 59915, 59939, 83059, 83140, 59682, 59826, 59829, 59832, 59833, 59856, 60001, 82999, 83002, 59444, 60008, 59593, 59730, 59769, 59771, 59841, 60251, 60749, 83029, 83053, 83091, 83705, 83658, 59322, 60545, 60583, 60597, 60640, 60642, 60666, 83488, 83628, 83635, 83605, 60732, 60608, 83590, 60094, 60431, 60516, 83449, 83451, 60552, 60548, 59252, 60334, 83176, 60222, 83915, 61426], "label": "plant"}, {"objectId": 32, "id": 32, "partId": 32, "index": 26, "dominantNormal": [0, -2.220446049250313e-16, 1], "obb": {"axesLengths": [0.35651647598917563, 0.3122700383006771, 0.3573609134308005], "centroid": [1.3350665250869613, 3.506660971833805, -1.1461349951446425], "normalizedAxes": [0.9140390753746033, 0.4056260883808136, 9.006708454180359e-17, 0, -2.220446049250313e-16, 1, 0.4056260883808136, -0.9140390753746033, -2.029574453775947e-16]}, "segments": [41865, 33077, 33101, 72077, 23338, 72111, 33086, 35753, 41680, 40880, 23349], "label": "trash can"}, {"objectId": 33, "id": 33, "partId": 33, "index": 27, "dominantNormal": [0, -2.220446049250313e-16, 1], "obb": {"axesLengths": [0.5310358103315568, 0.3399999959766864, 0.45607284786598673], "centroid": [-2.8806329283650625, 2.624530321322683, 0.5000000151395048], "normalizedAxes": [-0.20919978618621826, 0.977872908115387, 2.1713140354937254e-16, 0, -2.220446049250313e-16, 1, 0.977872908115387, 0.20919978618621826, 4.6451683874119856e-17]}, "segments": [40674, 45914, 25629, 25614, 40668], "label": "box"}, {"objectId": 34, "id": 34, "partId": 34, "index": 28, "dominantNormal": [0, -2.220446049250313e-16, 1], "obb": {"axesLengths": [0.4685213413699086, 0.2399999743700032, 0.30036357080968856], "centroid": [-3.0132029655250183, 2.2612839144812718, 0.45000000433616316], "normalizedAxes": [0.9581594467163086, 0.28623509407043457, 6.355695837854882e-17, 0, -2.220446049250313e-16, 1, 0.28623509407043457, -0.9581594467163086, -2.1275413580130933e-16]}, "segments": [45942, 45940, 27137, 27186], "label": "box"}, {"objectId": 35, "id": 35, "partId": 35, "index": 29, "dominantNormal": [0, -2.220446049250313e-16, 1], "obb": {"axesLengths": [0.4852254751878121, 0.11318397268986757, 0.1378598574096325], "centroid": [-3.0746598814039054, 1.9532274050324379, 0.38659200349609524], "normalizedAxes": [0.49096429347991943, 0.8711796998977661, 1.9344075228250681e-16, 0, -2.220446049250313e-16, 1, 0.8711796998977661, -0.49096429347991943, -1.0901597257804584e-16]}, "segments": [26357, 26366, 71979], "label": "box"}, {"objectId": 36, "id": 36, "partId": 36, "index": 30, "dominantNormal": [0.8550400137901306, -0.5185619592666626, -1.1514388537451627e-16], "obb": {"axesLengths": [0.3803496773315052, 0.3199999856948854, 0.283155090735014], "centroid": [-2.5333350377778663, 3.4985883185102638, 0.050000007316395534], "normalizedAxes": [0.5185619592666626, 0.8550400137901306, 1.8985702205712287e-16, 0, -2.220446049250313e-16, 1, 0.8550400137901306, -0.5185619592666626, -1.1514388537451627e-16]}, "segments": [81900, 58054, 57868, 57926, 81672, 57851, 69119, 13798, 44300, 68840, 75318, 13737, 13763, 13807, 44278, 13803, 419, 483, 81866, 58019, 12685, 12658], "label": "pile"}, {"objectId": 38, "id": 38, "partId": 38, "index": 31, "dominantNormal": [0.9288274049758911, -0.37051263451576233, -8.227033155078497e-17], "obb": {"axesLengths": [0.38428608264666386, 0.3099049931040779, 0.1545404107806927], "centroid": [-1.9453572216920627, 4.5052159458184535, 0.08495250923285225], "normalizedAxes": [0.37051263451576233, 0.9288274049758911, 2.062411141814138e-16, 0, -2.220446049250313e-16, 1, 0.9288274049758911, -0.37051263451576233, -8.227033155078497e-17]}, "segments": [61492, 61431, 83067, 83072, 59724, 83876], "label": "vase"}, {"objectId": 39, "id": 39, "partId": 39, "index": 32, "dominantNormal": [0, -2.220446049250313e-16, 1], "obb": {"axesLengths": [0.4668104993678209, 0.31708199567164475, 0.40732812882740416], "centroid": [-1.7283783199703957, 4.955959571993442, -0.04183399187406911], "normalizedAxes": [0.5847977995872498, 0.8111791014671326, 1.8011794310871134e-16, 0, -2.220446049250313e-16, 1, 0.8111791014671326, -0.5847977995872498, -1.298511963703785e-16]}, "segments": [62022, 61987, 57106, 84031, 57485, 57513, 57443, 57469, 57593, 62017, 62026, 62036, 81584, 83826, 84033, 84041], "label": "organizer"}, {"objectId": 40, "id": 40, "partId": 40, "index": 33, "dominantNormal": [-0.5478036999702454, -0.8366069197654724, -1.857640529768717e-16], "obb": {"axesLengths": [0.4078139030833798, 0.3829699669114506, 0.1742940368443149], "centroid": [-1.361640683725061, 5.052030157308324, 0.821484976019971], "normalizedAxes": [0.8366069197654724, -0.5478036999702454, -1.2163685613636352e-16, 0, -2.220446049250313e-16, 1, -0.5478036999702454, -0.8366069197654724, -1.857640529768717e-16]}, "segments": [62813, 84176, 84179, 62434, 62470, 62480, 84060, 62481, 62514, 62593, 62365, 62591, 62769, 62346, 84095, 84133, 84136, 84141, 62341, 62358, 62381, 62453, 62583, 62597, 62286, 62785, 62857, 62831, 62267, 62375, 62382, 62501, 84055, 84057], "label": "clock"}, {"objectId": 44, "id": 44, "partId": 44, "index": 34, "dominantNormal": [-0.4283978343009949, -0.903590202331543, -2.0063732949083656e-16], "obb": {"axesLengths": [0.5222820149612869, 0.939999976605177, 0.13888624002187513], "centroid": [-0.8237847894443058, 4.681199738890497, -0.15999998143322802], "normalizedAxes": [0.903590202331543, -0.4283978343009949, -9.512342786810343e-17, 0, -2.220446049250313e-16, 1, -0.4283978343009949, -0.903590202331543, -2.0063732949083656e-16]}, "segments": [85935, 57742, 22336, 57560, 62962, 57219, 56732, 56822], "label": "rack"}, {"objectId": 46, "id": 46, "partId": 46, "index": 36, "dominantNormal": [-0.6655723452568054, -0.7463333606719971, -1.657192962127845e-16], "obb": {"axesLengths": [0.38898839545702135, 0.305775993188262, 0.19493535314502444], "centroid": [0.5117556890381725, 3.998635260327132, 0.4171119949270339], "normalizedAxes": [0.7463333606719971, -0.6655723452568054, -1.477867484515739e-16, 0, -2.220446049250313e-16, 1, -0.6655723452568054, -0.7463333606719971, -1.657192962127845e-16]}, "segments": [31584, 48829, 48849, 71799, 71840, 71885], "label": "plant"}, {"objectId": 47, "id": 47, "partId": 47, "index": 37, "dominantNormal": [0.8094920516014099, -0.5871307849884033, -1.3036922319207352e-16], "obb": {"axesLengths": [0.17805663588683393, 0.29999996051192357, 0.14510296024690578], "centroid": [0.4219537012594541, 3.9994079350791885, 0.37999999070160095], "normalizedAxes": [0.5871307849884033, 0.8094921112060547, 1.7974335602267792e-16, 0, -2.220446049250313e-16, 1, 0.8094921112060547, -0.5871307849884033, -1.3036922319207352e-16]}, "segments": [26948, 31642, 26935], "label": "plant"}, {"objectId": 48, "id": 48, "partId": 48, "index": 38, "dominantNormal": [0, -2.220446049250313e-16, 1], "obb": {"axesLengths": [0.26612684068778003, 0.1502349939144776, 0.24076195531926092], "centroid": [0.19401545654452268, 4.066784757038482, 0.32511750278351803], "normalizedAxes": [0.9834249019622803, -0.18131589889526367, -4.026021713682574e-17, 0, -2.220446049250313e-16, 1, -0.18131589889526367, -0.9834249019622803, -2.1836419382965217e-16]}, "segments": [30496, 71694, 71937, 31848, 31730], "label": "player"}, {"objectId": 49, "id": 49, "partId": 49, "index": 39, "dominantNormal": [0, -2.220446049250313e-16, 1], "obb": {"axesLengths": [0.31147416157779056, 0.16893640155487347, 0.3406073160861836], "centroid": [0.6956635078486346, 3.7910017631033064, -0.06553179041605173], "normalizedAxes": [0.7557060718536377, -0.6549109220504761, -1.4541943694778593e-16, 0, -2.220446049250313e-16, 1, -0.6549109220504761, -0.7557060718536377, -1.678004561641883e-16]}, "segments": [25027, 25067, 75391, 24324], "label": "device"}, {"objectId": 50, "id": 50, "partId": 50, "index": 40, "dominantNormal": [-0.38823333382606506, -0.9215611219406128, -2.0462767523557197e-16], "obb": {"axesLengths": [0.6177470719148156, 0.7399999631941323, 0.12019617378979976], "centroid": [2.4335545480728036, 3.1243957694925935, 0.6399999977051465], "normalizedAxes": [0.9215611219406128, -0.38823333382606506, -8.620511722813641e-17, 0, -2.220446049250313e-16, 1, -0.38823333382606506, -0.9215611219406128, -2.0462767523557197e-16]}, "segments": [23589], "label": "picture"}, {"objectId": 51, "id": 51, "partId": 51, "index": 41, "dominantNormal": [-0.4445422887802124, -0.8957578539848328, -1.9889819879655607e-16], "obb": {"axesLengths": [0.337084682816359, 0.41999997749924717, 0.03737944674392007], "centroid": [1.9756211601706077, 3.298951542760613, 0.48000000485770355], "normalizedAxes": [0.8957578539848328, -0.4445422887802124, -9.870821688467144e-17, 0, -2.220446049250313e-16, 1, -0.4445422887802124, -0.8957578539848328, -1.9889819879655607e-16]}, "segments": [36623], "label": "picture"}, {"objectId": 52, "id": 52, "partId": 52, "index": 42, "dominantNormal": [0, -2.220446049250313e-16, 1], "obb": {"axesLengths": [0.24069512674858445, 0.23862301769950175, 0.2530137057708819], "centroid": [1.9245928214512635, 3.232489671060327, -0.38102648649312965], "normalizedAxes": [0.8441159129142761, -0.5361607074