{"segGroups": [{"objectId": 35, "id": 35, "partId": 35, "index": 0, "dominantNormal": [0, -2.220446049250313e-16, 1], "obb": {"axesLengths": [0.15145164947074463, 0.12287604534158003, 0.13244289771519313], "centroid": [-1.5123023057941887, 1.8522649061199843, 0.820956954977877], "normalizedAxes": [-0.17991675436496735, 0.983681857585907, 2.1842124943958363e-16, 0, -2.220446049250313e-16, 1, 0.983681857585907, 0.17991675436496735, 3.9949544642363076e-17]}, "segments": [5120, 5235, 5182], "label": "lamp"}, {"objectId": 36, "id": 36, "partId": 36, "index": 1, "dominantNormal": [-0.19156622886657715, -0.9814797043800354, -2.1793227320100148e-16], "obb": {"axesLengths": [0.1455408560507717, 0.14391302740768275, 0.1280010518396537], "centroid": [-1.5688943387034784, 1.6729496146642722, 0.8480174631010549], "normalizedAxes": [0.9814797043800354, -0.19156621396541595, -4.25362442969348e-17, 0, -2.220446049250313e-16, 1, -0.19156621396541595, -0.9814797043800354, -2.1793227320100148e-16]}, "segments": [5028, 5137, 5117, 5191], "label": "lamp"}, {"objectId": 37, "id": 37, "partId": 37, "index": 2, "dominantNormal": [-0.2818138003349304, -0.9594691395759583, -2.1304494603490337e-16], "obb": {"axesLengths": [0.20308413827806754, 0.14652901560375825, 0.1210574573367778], "centroid": [-1.5960917041255342, 1.4862248648018084, 0.91673544791038], "normalizedAxes": [0.9594691395759583, -0.2818138003349304, -6.257523395779128e-17, 0, -2.220446049250313e-16, 1, -0.2818138003349304, -0.9594691395759583, -2.1304494603490337e-16]}, "segments": [75142, 57316, 57322, 57333, 4944], "label": "lamp"}, {"objectId": 38, "id": 38, "partId": 38, "index": 3, "dominantNormal": [0, -2.220446049250313e-16, 1], "obb": {"axesLengths": [2.712535660985751, 0.7051600060203668, 2.4663223731936443], "centroid": [-0.11180068266967691, 1.907986937994383, -1.0825800374631576], "normalizedAxes": [0.8596470952033997, 0.5108882784843445, 1.1343998595688564e-16, 0, -2.220446049250313e-16, 1, 0.5108882784843445, -0.8596470952033997, -1.9087999962938965e-16]}, "segments": [46652, 21959, 67348, 17866, 33585, 22009, 24778, 29529, 23758, 20291, 20300, 21083, 21097, 21106, 32205, 33268, 33348, 33349, 33608, 33618, 33621, 34237, 35044, 38734, 38740, 44686, 45640, 53470, 53496, 54996, 55137, 60637, 61193, 62416, 62422, 62434, 62638, 62660, 66888, 67225, 67230, 67375, 39168, 45593, 38646, 29655, 29651, 15321, 67680, 62119, 15148, 17576, 20450, 20528, 20532, 21662, 23647, 23706, 25432, 28603, 28647, 28663, 28679, 30000, 30034, 30675, 30754, 30981, 31206, 31673, 32392, 38769, 38819, 38824, 47950, 48052, 48054, 48063, 48092, 48120, 48380, 48423, 48810, 53414, 55178, 55225, 55235, 55314, 57970, 60906, 60912, 61930, 62103, 62372, 64667, 64670, 67690, 67701, 67706, 67708, 72042, 72066, 72067, 72497, 74626, 33215, 33344, 44701], "label": "bed"}, {"objectId": 40, "id": 40, "partId": 40, "index": 4, "dominantNormal": [0, -2.220446049250313e-16, 1], "obb": {"axesLengths": [1.440258847864302, 0.31471496117007075, 0.8603782856123142], "centroid": [-0.541147639006726, 1.906102736234082, -0.84325252268048], "normalizedAxes": [0.7426592707633972, -0.6696694493293762, -1.4869648830670462e-16, 0, -2.220446049250313e-16, 1, -0.6696694493293762, -0.7426592707633972, -1.649034843705704e-16]}, "segments": [27219, 64638, 26476, 26582, 37865, 39306, 37875, 23020, 22854, 23056, 22899, 60939, 43440, 61446, 69074, 64677, 39334, 64767, 32431, 31975, 27238, 32691, 62606, 62475, 32404, 32274, 31918, 29067, 27183, 21366, 22932, 19421, 32867, 62574, 62556, 62587, 62532, 62506, 14415, 32391], "label": "blanket"}, {"objectId": 41, "id": 41, "partId": 41, "index": 5, "dominantNormal": [0, -2.220446049250313e-16, 1], "obb": {"axesLengths": [0.7187347019779569, 0.34875797445867995, 0.5412624277067188], "centroid": [0.5050820312038957, 1.263686813515664, -0.8556209928343972], "normalizedAxes": [0.3579484522342682, 0.9337413311004639, 2.0733222496637535e-16, 0, -2.220446049250313e-16, 1, 0.9337413311004639, -0.3579484522342682, -7.948052265988452e-17]}, "segments": [60471, 18349, 28163, 61911, 60475, 31520], "label": "pillow"}, {"objectId": 42, "id": 42, "partId": 42, "index": 6, "dominantNormal": [0, -2.220446049250313e-16, 1], "obb": {"axesLengths": [0.8448818520647376, 0.26201700578591947, 0.6101370008416411], "centroid": [0.5862031755160833, 1.9187056874242874, -0.874791515095722], "normalizedAxes": [0.7260674834251404, 0.6876234412193298, 1.5268307534273658e-16, 0, -2.220446049250313e-16, 1, 0.6876234412193298, -0.7260674834251404, -1.6121936750604701e-16]}, "segments": [20399, 30445, 21725, 23961, 31397, 31513], "label": "pillow"}, {"objectId": 43, "id": 43, "partId": 43, "index": 8, "dominantNormal": [0, -2.220446049250313e-16, 1], "obb": {"axesLengths": [1.1281920097327613, 0.1852379399857386, 0.2285682886270317], "centroid": [-0.20030200112359653, 2.857488054240777, -0.9271809866477331], "normalizedAxes": [0.9389836192131042, -0.34396183490753174, -7.637486974133173e-17, 0, -2.220446049250313e-16, 1, -0.34396183490753174, -0.9389836192131042, -2.0849624675924977e-16]}, "segments": [19898, 23654, 24725, 24716], "label": "pillow"}, {"objectId": 44, "id": 44, "partId": 44, "index": 9, "dominantNormal": [0, -2.220446049250313e-16, 1], "obb": {"axesLengths": [0.9763940431258816, 0.25419002203218577, 0.5581603479682272], "centroid": [0.9467865581856785, 2.4104960172443537, -0.7829050265661253], "normalizedAxes": [-0.24053753912448883, 0.9706398248672485, 2.1552533643714978e-16, 0, -2.220446049250313e-16, 1, 0.9706398248672485, 0.24053753912448883, 5.3410062844536384e-17]}, "segments": [48709, 27455, 27323, 57189, 73677, 58152, 27332, 27357, 27375, 27391, 27432, 27469, 27470, 27478, 27482, 27489, 27498, 27504, 27505, 27523, 27524, 27552, 27588, 27616, 48568, 48597, 48601, 48604, 48608, 48675, 48679, 48721, 48767, 48790, 49096, 58014, 58073, 58235, 58245, 58279, 58287, 58307, 58329, 61538, 61549, 61555, 61558, 61568, 62371, 67726, 67814, 67820, 67823, 67825, 72511, 72516, 72806, 72809, 72829, 72832, 31276, 58348, 28560], "label": "nightstand"}, {"objectId": 45, "id": 45, "partId": 45, "index": 10, "dominantNormal": [0.9535768628120422, -0.30114975571632385, -6.686867853130082e-17], "obb": {"axesLengths": [0.32579742040637943, 0.4005099445467451, 0.21091381284401933], "centroid": [-0.8433610544312815, 3.137486604799063, -1.2102549718576305], "normalizedAxes": [0.30114975571632385, 0.9535768628120422, 2.117365977687507e-16, 0, -2.220446049250313e-16, 1, 0.9535768628120422, -0.30114975571632385, -6.686867853130082e-17]}, "segments": [24914, 69105, 21175], "label": "box"}, {"objectId": 46, "id": 46, "partId": 46, "index": 11, "dominantNormal": [0.9991119503974915, -0.042134661227464676, -9.355774205902429e-18], "obb": {"axesLengths": [0.2969655865529689, 0.3104599644885962, 0.2557132147187406], "centroid": [-0.7407937594599903, 3.1393100165919376, -1.2547699845574056], "normalizedAxes": [0.04213465750217438, 0.9991119503974915, 2.2184741830188847e-16, 0, -2.220446049250313e-16, 1, 0.9991119503974915, -0.04213465750217438, -9.355773378721816e-18]}, "segments": [25142, 55111, 25016, 55067, 21208, 25063], "label": "box"}, {"objectId": 1, "id": 1, "partId": 1, "index": 12, "dominantNormal": [-0.296161949634552, -0.9551377296447754, -2.1208317982796552e-16], "obb": {"axesLengths": [4.816049944801471, 3.2302898638630673, 0.45729781690520893], "centroid": [-2.107658115633847, 0.051281065289596306, 0.17045494343664536], "normalizedAxes": [0.9551377296447754, -0.296161949634552, -6.576116310043112e-17, 0, -2.220446049250313e-16, 1, -0.296161949634552, -0.9551377296447754, -2.1208317982796552e-16]}, "segments": [57125, 42366, 149, 170, 1473, 1511, 5586, 5594, 5996, 6548, 20054, 25751, 27819, 33735, 36247, 36317, 36485, 36507, 55562, 55634, 55720, 59266, 60193, 73725, 3557, 3815, 16296, 60320, 4132, 4231, 60328, 60242, 60241, 4318, 4401, 16455, 63997], "label": "wall"}, {"objectId": 2, "id": 2, "partId": 2, "index": 13, "dominantNormal": [-0.51796954870224, -0.8553990721702576, -1.8993674903328319e-16], "obb": {"axesLengths": [0.3780758995974381, 0.7799999837577343, 0.20841283543524372], "centroid": [-1.589760387140144, -0.02887611064418094, -0.12000001888126177], "normalizedAxes": [0.8553990721702576, -0.51796954870224, -1.1501234380478564e-16, 0, -2.220446049250313e-16, 1, -0.51796954870224, -0.8553990721702576, -1.8993674903328319e-16]}, "segments": [74106, 55507, 6453, 6372, 6543, 36419, 6296, 55590, 5598, 6395, 6419, 8807, 8810, 8833, 8838, 8847, 36271, 36278, 36281, 36338, 36393, 36410, 36454, 59267, 72126, 73969, 75404, 36316, 6440], "label": "mirror"}, {"objectId": 3, "id": 3, "partId": 3, "index": 14, "dominantNormal": [0, -2.220446049250313e-16, 1], "obb": {"axesLengths": [5.3898177685826285, 0.3200000452995294, 3.3242408600335076], "centroid": [-1.5075365742806524, 1.7142106141007312, -1.410000026406347], "normalizedAxes": [0.8138477206230164, -0.5810782313346863, -1.2902528630724636e-16, 0, -2.220446049250313e-16, 1, -0.5810782313346863, -0.8138477206230164, -1.8071049559487492e-16]}, "segments": [11836, 5926, 6087, 10890, 5861, 25491, 47373, 45089, 71054, 50788, 45207, 48182, 25450, 55150, 3635, 15281, 22468, 23210, 35005, 44564, 44750, 44752, 44811, 47316, 48228, 48271, 48540, 48561, 51138, 51166, 51173, 51175, 54740, 60592, 67714, 70822, 49725], "label": "floor"}, {"objectId": 4, "id": 4, "partId": 4, "index": 15, "dominantNormal": [-0.337096244096756, -0.941470205783844, -2.0904837989196157e-16], "obb": {"axesLengths": [1.814498306292968, 2.15968991459109, 0.34199355691491984], "centroid": [-2.65769930116161, 3.333840773072534, -0.3898450067986925], "normalizedAxes": [0.941470205783844, -0.337096244096756, -7.48504023421761e-17, 0, -2.220446049250313e-16, 1, -0.337096244096756, -0.941470205783844, -2.0904837989196157e-16]}, "segments": [4681, 68817, 22747, 71682, 1826, 1210, 11246, 9893, 18392, 59989, 60046, 17225, 3963, 23381, 68853, 52433, 52742, 52720, 59964, 16626, 51460, 69903, 51328, 71056, 51384, 613, 643, 771, 1022, 2415, 3838, 4910, 6704, 6937, 6992, 7073, 7079, 7245, 7538, 9847, 9863, 9926, 9987, 10010, 10024, 11035, 11100, 11120, 11124, 11131, 11170, 11218, 11241, 12303, 12326, 12378, 12439, 13250, 13290, 13374, 13519, 13657, 13666, 14217, 14328, 14523, 14579, 14690, 14789, 15376, 16614, 16656, 16709, 16742, 16767, 16768, 16769, 16778, 16798, 16800, 16837, 16840, 16904, 18627, 22713, 22749, 24284, 26751, 26754, 51389, 52591, 52594, 52602, 52666, 52724, 52731, 52799, 54003, 55985, 59302, 59305, 59315, 59468, 59488, 59491, 59644, 59657, 59661, 59663, 59748, 59756, 59763, 59778, 59804, 59860, 59863, 60024, 61470, 61477, 68547, 68626, 69554, 69563, 69581, 69604, 69609, 69614, 69619, 69622, 69657, 69722, 69723, 69730, 69732, 69863, 71695, 57066, 66813, 47745, 67025, 618], "label": "wardrobe"}, {"objectId": 5, "id": 5, "partId": 5, "index": 16, "dominantNormal": [0, -2.220446049250313e-16, 1], "obb": {"axesLengths": [0.3548637697067663, 0.1822230179110984, 0.2247270692091764], "centroid": [-1.9856441015789827, 3.114361612271963, 0.6486134365197982], "normalizedAxes": [0.8056235313415527, -0.5924278497695923, -1.3154540784867492e-16, 0, -2.220446049250313e-16, 1, -0.5924278497695923, -0.8056235313415527, -1.7888435873504365e-16]}, "segments": [57240, 72471, 57033], "label": "object"}, {"objectId": 6, "id": 6, "partId": 6, "index": 17, "dominantNormal": [-0.06658702343702316, -0.9977806210517883, -2.2155180380329672e-16], "obb": {"axesLengths": [0.9937222135687914, 1.339999914020301, 0.5148096664560157], "centroid": [-1.3306772440276002, 3.209377837760567, -0.7599999902710324], "normalizedAxes": [0.9977806210517883, -0.06658701598644257, -1.4785287657846383e-17, 0, -2.220446049250313e-16, 1, -0.06658701598644257, -0.9977806210517883, -2.2155180380329672e-16]}, "segments": [36947, 50338, 45139, 67841, 36852, 21900, 22105, 37779, 36984, 36975, 36979, 37249, 37326, 37359, 38141, 38225, 64048, 64066, 67535, 37040, 36937, 44437], "label": "cabinet"}, {"objectId": 7, "id": 7, "partId": 7, "index": 18, "dominantNormal": [-0.2988000810146332, -0.954315721988678, -2.1190065746272201e-16], "obb": {"axesLengths": [1.0910564752246577, 1.0199999581277377, 0.14729889679140748], "centroid": [-1.1484108574574785, 3.3300591656161704, 0.3799999550417068], "normalizedAxes": [0.954315721988678, -0.2988000810146332, -6.634694594046157e-17, 0, -2.220446049250313e-16, 1, -0.2988000810146332, -0.954315721988678, -2.1190065746272201e-16]}, "segments": [52175, 49171, 49330, 55897], "label": "picture"}, {"objectId": 8, "id": 8, "partId": 8, "index": 19, "dominantNormal": [-0.28788962960243225, -0.9576635956764221, -2.1264403475305607e-16], "obb": {"axesLengths": [4.8057245777318895, 3.1599998959898956, 0.17582229707967412], "centroid": [-1.0993756860477613, 3.348488223555253, 0.18999996167272282], "normalizedAxes": [0.9576635956764221, -0.28788962960243225, -6.392433906708567e-17, 0, -2.220446049250313e-16, 1, -0.28788962960243225, -0.9576635956764221, -2.1264403475305607e-16]}, "segments": [13403, 20638, 14314, 15785, 14242, 8152, 74882, 22605, 46992, 15836, 42156, 42117, 42001, 74705, 27716, 2215, 7906, 7913, 8156, 8195, 13431, 14869, 14875, 14915, 14928, 14929, 16117, 16138, 16646, 41980, 43559, 47118, 59069, 60029, 60126, 60191, 66040, 68324, 21601, 29386], "label": "wall"}, {"objectId": 9, "id": 9, "partId": 9, "index": 20, "dominantNormal": [0.9565074443817139, -0.29170799255371094, -6.477218596006272e-17], "obb": {"axesLengths": [3.417461420494947, 2.3599999615550047, 0.16488546801528395], "centroid": [-3.842589090998256, 2.4312691641071043, -0.2900000466719266], "normalizedAxes": [0.29170799255371094, 0.9565074443817139, 2.1238731759558901e-16, 0, -2.220446049250313e-16, 1, 0.9565074443817139, -0.29170799255371094, -6.477218596006272e-17]}, "segments": [17940, 11852, 13076, 17368, 18476, 70030, 70050, 13118, 15033, 70135, 38550, 70108, 49961], "label": "wall"}, {"objectId": 10, "id": 10, "partId": 10, "index": 21, "dominantNormal": [0.98306804895401, -0.18324077129364014, -4.068762466805434e-17], "obb": {"axesLengths": [0.5351234646214702, 2.1505839940029974, 0.28031949373768655], "centroid": [-3.6339957687558355, 3.062052738950594, -0.39470803044793], "normalizedAxes": [0.18324077129364014, 0.98306804895401, 2.182849565444145e-16, 0, -2.220446049250313e-16, 1, 0.98306804895401, -0.18324077129364014, -4.068762466805434e-17]}, "segments": [32192, 19521, 62782, 25469, 19288, 62813, 25961, 21494, 44641, 60594, 22197, 22613, 27605, 28097, 29907, 60562, 60564, 60598, 60966, 61725, 63366, 63372, 63392, 63464, 65240, 27603, 38147, 65283, 60554, 32297, 62913, 62853, 62874], "label": "curtain"}, {"objectId": 11, "id": 11, "partId": 11, "index": 22, "dominantNormal": [0.8974741697311401, 0.44106703996658325, 9.793655663483297e-17], "obb": {"axesLengths": [0.2998270324979526, 0.29431799886409926, 0.16189643987623892], "centroid": [-1.5902030283206512, 3.4002470787377272, -0.01279003333918749], "normalizedAxes": [-0.44106703996658325, 0.8974741697311401, 1.992792974483715e-16, 0, -2.220446049250313e-16, 1, 0.8974741697311401, 0.44106703996658325, 9.793655663483297e-17]}, "segments": [69462, 44386, 52189, 69482], "label": "vase"}, {"objectId": 12, "id": 12, "partId": 12, "index": 23, "dominantNormal": [0.9479165077209473, -0.31851881742477417, -7.072538497627216e-17], "obb": {"axesLengths": [0.7724651949299118, 1.9199999141693125, 0.27997935437673754], "centroid": [-4.196612665005249, 1.16431006964877, -0.21000000554472265], "normalizedAxes": [0.31851881742477417, 0.9479165077209473, 2.1047974645881313e-16, 0, -2.220446049250313e-16, 1, 0.9479165077209473, -0.31851881742477417, -7.072538497627216e-17]}, "segments": [69218, 42867, 54049, 22426, 69133, 50468, 50470, 69157, 14667, 46553, 43222, 44073, 69390, 8108, 8124, 17568, 6969, 9030, 29388, 51646, 69081, 69488, 69501, 55744, 30694, 8903, 63941, 14828, 69726, 51649], "label": "curtain"}, {"objectId": 13, "id": 13, "partId": 13, "index": 24, "dominantNormal": [0, -2.220446049250313e-16, 1], "obb": {"axesLengths": [2.698274115821105, 0.12000000208616303, 0.20019809951702885], "centroid": [-3.9233354698862035, 2.041856531176979, 0.7299999710604546], "normalizedAxes": [0.30594581365585327, 0.9520488977432251, 2.1139732136870595e-16, 0, -2.220446049250313e-16, 1, 0.9520488977432251, -0.30594581365585327, -6.793361732168119e-17]}, "segments": [63752, 11787, 38680, 63815, 51365, 10364, 11814, 30744, 30838, 30877, 30926, 30939, 31020, 31032, 31079, 31134, 35878, 38724, 38764, 38813, 48406, 48427, 51405, 59129, 61598, 61602, 61605, 61615, 61616, 61622, 61637, 61638, 62490, 62495, 62507, 62512, 62527, 62530, 63711, 63766, 67805, 69858, 69947, 69954, 69925, 38828, 59134, 68172, 50729, 50722, 68927, 51886], "label": "curtain rail"}, {"objectId": 14, "id": 14, "partId": 14, "index": 25, "dominantNormal": [0.909193754196167, -0.4163733124732971, -9.245344766945987e-17], "obb": {"axesLengths": [2.1359095213244985, 2.0088999418415137, 0.7778390772153884], "centroid": [-4.287957429891167, 2.1448525896583774, -0.4344500225100667], "normalizedAxes": [0.4163733422756195, 0.909193754196167, 2.0188156795079393e-16, 0, -2.220446049250313e-16, 1, 0.909193754196167, -0.4163733422756195, -9.245345428690477e-17]}, "segments": [49250, 67516, 40415, 68414, 42858, 46943, 32716, 68485, 64564, 10127, 5546, 5568, 5571, 5655, 6553, 8929, 8936, 8953, 8966, 8967, 8974, 9019, 9049, 9066, 9074, 9104, 9107, 9249, 9262, 9504, 9507, 9529, 9536, 9540, 9543, 9560, 9586, 9601, 9625, 9651, 9697, 9700, 9702, 9708, 9795, 9984, 10032, 10130, 10187, 10231, 10237, 10294, 10359, 10369, 10371, 10378, 10427, 21667, 25969, 35181, 35635, 35636, 35691, 35699, 35727, 35728, 35757, 35804, 35859, 35863, 35893, 35908, 35917, 39423, 39455, 39479, 39486, 39502, 39506, 39620, 39630, 39643, 39659, 39690, 39694, 40291, 40316, 40329, 40350, 40362, 40381, 40399, 40426, 40485, 40542, 40567, 40585, 40612, 40627, 40655, 40673, 40676, 40696, 40713, 40714, 40727, 40970, 42822, 43075, 43079, 43090, 49602, 50024, 50038, 50108, 50131, 50155, 50229, 50234, 52363, 52417, 58906, 59278, 59280, 59308, 59321, 59328, 59332, 59343, 59353, 59360, 59362, 59365, 59383, 59423, 59427, 59433, 59460, 63195, 63639, 63694, 63698, 63702, 63863, 63928, 63929, 63933, 64811, 65231, 65233, 65462, 65466, 65471, 65478, 65511, 65593, 66126, 68374, 68394, 68401, 31525, 33371, 31728, 32946, 32956, 32960, 33010, 33017, 33027, 33028, 33098, 34421, 43008, 60997, 61743, 61870, 34055, 9769, 12971, 13088, 13060, 63577, 63159, 34448, 8983, 63111, 13208, 12596, 12550, 62940, 13263, 57654, 41366, 49061, 41285, 11591, 67475, 59549, 12077, 12096, 11683, 64381, 12032, 11637, 59603, 65691, 59597, 59591, 59565, 59791, 33859, 10112, 57602, 13985, 12615, 13954, 13946, 13941, 75207, 63570, 34864, 35589, 68051, 35427, 68087, 17134, 12579, 67972, 14227], "label": "window"}, {"objectId": 15, "id": 15, "partId": 15, "index": 26, "dominantNormal": [0.900244951248169, -0.43538379669189453, -9.667462312721187e-17], "obb": {"axesLengths": [1.110497762520362, 0.6806800213304155, 0.38549035880945653], "centroid": [-4.290257108968694, 2.750334719488883, -1.0903400255976616], "normalizedAxes": [0.4353838264942169, 0.900244951248169, 1.9989453453565374e-16, 0, -2.220446049250313e-16, 1, 0.900244951248169, -0.4353838264942169, -9.667462974465677e-17]}, "segments": [46025, 16850, 17385, 17436, 17341, 17429, 25363, 46120, 47460, 47486, 60392, 67071, 17437, 60395, 23090, 21295, 21256, 21331, 24117, 24138, 24147, 21367, 26565, 26569, 26709], "label": "clutter"}, {"objectId": 16, "id": 16, "partId": 16, "index": 27, "dominantNormal": [-0.2632973790168762, -0.9647147059440613, -2.1420969574671684e-16], "obb": {"axesLengths": [1.0632196643549383, 0.5111060028275994, 0.1842584429328388], "centroid": [-3.4998569495253116, 0.63338383493587, -0.5655530285652053], "normalizedAxes": [0.9647147059440613, -0.2632973790168762, -5.846376250159851e-17, 0, -2.220446049250313e-16, 1, -0.2632973790168762, -0.9647147059440613, -2.1420969574671684e-16]}, "segments": [2201, 78, 58593, 2134], "label": "radiator"}, {"objectId": 17, "id": 17, "partId": 17, "index": 28, "dominantNormal": [0, -2.220446049250313e-16, 1], "obb": {"axesLengths": [1.0420390199785317, 0.7016399941971897, 1.038730556603224], "centroid": [-3.785418389703416, 1.2132212423717024, -1.080820031551569], "normalizedAxes": [-0.24231824278831482, 0.9701968431472778, 2.1542697473614987e-16, 0, -2.220446049250313e-16, 1, 0.9701968431472778, 0.24231824278831482, 5.380545848605918e-17]}, "segments": [23931, 15855, 309, 1624, 19034, 283, 371, 578, 58412, 4306, 5173, 9553, 13997, 15896, 15910, 15963, 18016, 60118, 67890, 67892, 3908, 15253, 49235], "label": "sofa chair"}, {"objectId": 18, "id": 18, "partId": 18, "index": 29, "dominantNormal": [0, -2.220446049250313e-16, 1], "obb": {"axesLengths": [0.9454447376421475, 0.7099530538182021, 0.8898272852788206], "centroid": [-3.1582953496202, 1.0907979227505635, -1.0655335266709287], "normalizedAxes": [0.47498399019241333, 0.8799944519996643, 1.953980204304849e-16, 0, -2.220446049250313e-16, 1, 0.8799944519996643, -0.47498399019241333, -1.0546763244798936e-16]}, "segments": [1321, 728, 71596, 905, 1110, 1225, 1182, 1023, 1671, 1679, 1733, 58523, 58524, 54148, 2506, 2549, 2790, 53882, 53939, 58702, 71561, 896], "label": "sofa chair"}, {"objectId": 19, "id": 19, "partId": 19, "index": 30, "dominantNormal": [0, -2.220446049250313e-16, 1], "obb": {"axesLengths": [0.46449737714332745, 0.13274198473821608, 0.2635048393569629], "centroid": [-3.3353395626726554, 0.7453323997665485, -0.7482390255442483], "normalizedAxes": [0.9939536452293396, -0.10980036854743958, -2.4380579454739054e-17, 0, -2.220446049250313e-16, 1, -0.10980036854743958, -0.9939536452293396, -2.2070204446874344e-16]}, "segments": [958, 58459], "label": "clothes"}, {"objectId": 20, "id": 20, "partId": 20, "index": 31, "dominantNormal": [0.44002199172973633, -0.8979870080947876, -1.99393170440218e-16], "obb": {"axesLengths": [0.925469636516041, 1.0449239676090183, 0.7782914315033261], "centroid": [-2.225410830066507, 1.0551251707860203, -0.8843180209491104], "normalizedAxes": [0.8979870080947876, 0.44002199172973633, 9.77045093119547e-17, 0, -2.220446049250313e-16, 1, 0.44002199172973633, -0.8979870080947876, -1.99393170440218e-16]}, "segments": [49885, 71874, 43837, 72004, 50039, 49847, 70333, 58978, 2827, 2921, 44040, 66952, 49834, 42320, 2819, 2820, 2826, 2836, 2838, 2842, 2849, 2878, 2895, 2976, 3074, 7986, 7998, 8007, 43925, 49915, 49991, 50048, 50073, 50193, 58709, 58712, 58714, 58716, 58718, 58720, 59001, 66769, 66798, 68190, 68199, 70357, 71931, 2864, 59020, 70317, 47414, 68908, 47659, 53243, 53264, 45159, 47224, 47409, 47426, 47441, 47500, 47502, 47504, 47531, 47582, 47605, 47610, 47639, 47651, 51758, 67623, 68875, 68881, 68885, 68898, 70850, 70892, 72315, 56044, 7984, 37066, 72276, 56084, 7971, 54289], "label": "office chair"}, {"objectId": 21, "id": 21, "partId": 21, "index": 32, "dominantNormal": [-0.34266701340675354, -0.9394569396972656, -2.086013450191583e-16], "obb": {"axesLengths": [1.234510933980737, 1.1728199458236999, 0.8327393630538222], "centroid": [-2.3481905524163844, 0.5958224756264545, -0.8364099990201744], "normalizedAxes": [0.9394569396972656, -0.34266701340675354, -7.6087361612743e-17, 0, -2.220446049250313e-16, 1, -0.34266701340675354, -0.9394569396972656, -2.086013450191583e-16]}, "segments": [2666, 56677, 46380, 36693, 67284, 41692, 54950, 41733, 41604, 2243, 2262, 2670, 2682, 8552, 8571, 8620, 41657, 41690, 41866, 43730, 54370, 56238, 56254, 56599, 58519, 58521, 58609, 59147, 59263, 64015, 65780, 65878, 66647, 72035, 72037, 72467, 72824, 72827, 41667, 46266, 54881, 65796, 65784, 56759, 65771, 8385, 8460, 58512, 2757, 71411, 71487, 71520, 2013, 2112, 2224, 2395, 2448, 2459, 2501, 2508, 2542, 2728, 2747, 8393, 8526, 8539, 8551, 11339, 11367, 11379, 37163, 41541, 41803, 41869, 43589, 43602, 43606, 43609, 43820, 43827, 43933, 44017, 44036, 44067, 44724, 44831, 44858, 44915, 44920, 46067, 46561, 46620, 50611, 50614, 50897, 51053, 51074, 51235, 51237, 52547, 52891, 52943, 52946, 52968, 52993, 52996, 53032, 53033, 53043, 53055, 53065, 53066, 53067, 53069, 53123, 53176, 53189, 53193, 53342, 53522, 53530, 53539, 53581, 53625, 53636, 53671, 53672, 53678, 53727, 53777, 53783, 53846, 53887, 53902, 53936, 53964, 54129, 54447, 54481, 54589, 54613, 54856, 58625, 58627, 58631, 58633, 58639, 58648, 58664, 58685, 59122, 66800, 66963, 66969, 66974, 66977, 66980, 67301, 67643, 68499, 69573, 69575, 69953, 70258, 70260, 70262, 70266, 70269, 70377, 70379, 70384, 70390, 70391, 70394, 70399, 70400, 70407, 70410, 70413, 70426, 70435, 71173, 71206, 71209, 71360, 71364, 71508, 71511, 71514, 71558, 71791, 71813, 71933, 72014, 72017, 72024, 72608, 73695, 74496, 41961, 67115, 67107, 38029, 38280, 44164, 2767, 8693, 43875, 45002, 47251, 47254, 51169, 51588, 51599, 51742, 71961, 43625, 35278], "label": "desk"}, {"objectId": 22, "id": 22, "partId": 22, "index": 33, "dominantNormal": [0, -2.220446049250313e-16, 1], "obb": {"axesLengths": [0.5062481899538092, 0.28000000983476603, 0.35167492338176554], "centroid": [-2.0739599634143877, 0.30104098377779576, -0.35000002536326646], "normalizedAxes": [0.975407063961029, -0.2204110473394394, -4.894108392759819e-17, 0, -2.220446049250313e-16, 1, -0.2204110473394394, -0.975407063961029, -2.1658387615831144e-16]}, "segments": [55494, 72076, 46169, 55438, 55807, 41633, 72174, 41481, 41474, 41523, 41525, 54797, 55427, 55457, 55844, 55845, 56428, 56437, 56452, 56752, 65728, 65729, 67247, 72100, 72190, 72932], "label": "stereo equipment"}, {"objectId": 23, "id": 23, "partId": 23, "index": 34, "dominantNormal": [0, -2.220446049250313e-16, 1], "obb": {"axesLengths": [0.33286576272833124, 0.15031900665941067, 0.2573481553110345], "centroid": [-2.0352457432825144, 0.2681247590756176, -0.20913852473187844], "normalizedAxes": [0.8401129245758057, 0.5424115061759949, 1.2043954859563996e-16, 0, -2.220446049250313e-16, 1, 0.5424115061759949, -0.8401129245758057, -1.865425424298474e-16]}, "segments": [72193, 55695, 55721, 55676], "label": "object"}, {"objectId": 24, "id": 24, "partId": 24, "index": 35, "dominantNormal": [-0.42462238669395447, -0.9053705334663391, -2.010326424142981e-16], "obb": {"axesLengths": [0.5651966321217933, 0.4187960829109827, 0.22814208108937542], "centroid": [-2.6340185595773717, 0.41504614018102454, -0.2517589740374917], "normalizedAxes": [0.9053705334663391, -0.42462238669395447, -9.428511009578299e-17, 0, -2.220446049250313e-16, 1, -0.42462238669395447, -0.9053705334663391, -2.010326424142981e-16]}, "segments": [56403, 56832, 56696, 56930, 59175, 1885, 2088, 59090, 56411, 59170], "label": "monitor"}, {"objectId": 25, "id": 25, "partId": 25, "index": 36, "dominantNormal": [0, -2.220446049250313e-16, 1], "obb": {"axesLengths": [0.3795525595036508, 0.1652679704442328, 0.38524713095615354], "centroid": [-2.4602149213756377, 0.8465804220624171, -0.5673660081036542], "normalizedAxes": [0.20431959629058838, 0.9789042472839355, 2.1736040684759662e-16, 0, -2.220446049250313e-16, 1, 0.9789042472839355, -0.20431959629058838, -4.536806403678559e-17]}, "segments": [56300, 56147, 56184, 56148, 72461, 72385], "label": "object"}, {"objectId": 28, "id": 28, "partId": 28, "index": 37, "dominantNormal": [0, -2.220446049250313e-16, 1], "obb": {"axesLengths": [0.6151097347591803, 0.2151000451646734, 0.38736410760145057], "centroid": [-1.2269607400788316, 0.3652948847574188, -1.3424500243876123], "normalizedAxes": [0.867276132106781, -0.497827410697937, -1.1053989072927473e-16, 0, -2.220446049250313e-16, 1, -0.497827410697937, -0.867276132106781, -1.9257398611455945e-16]}, "segments": [51924, 64186, 43264, 66251, 38612, 51918, 22796, 51971, 66461, 38568, 64176, 52033, 69014], "label": "bag"}, {"objectId": 29, "id": 29, "partId": 29, "index": 38, "dominantNormal": [0, -2.220446049250313e-16, 1], "obb": {"axesLengths": [0.5228785577470829, 0.3519300143734361, 0.3964067430765749], "centroid": [-1.397688811805371, 0.13100166137721236, -1.2618950044253097], "normalizedAxes": [0.9758363962173462, -0.21850241720676422, -4.8517282903840324e-17, 0, -2.220446049250313e-16, 1, -0.21850241720676422, -0.9758363962173462, -2.1667920706954695e-16]}, "segments": [51994, 38385, 68973, 45398, 68942, 66847, 66885, 44224, 37834, 68930, 51995], "label": "bag"}, {"objectId": 30, "id": 30, "partId": 30, "index": 39, "dominantNormal": [-0.08244170248508453, -0.9965958595275879, -2.2128873389872525e-16], "obb": {"axesLengths": [0.41490067342898374, 0.34133004379279797, 0.25254429993655814], "centroid": [-1.7986171383292333, 0.16897277427528656, -1.2793350250735502], "normalizedAxes": [0.9965958595275879, -0.08244170248508453, -1.8305735257647567e-17, 0, -2.220446049250313e-16, 1, -0.08244170248508453, -0.9965958595275879, -2.2128873389872525e-16]}, "segments": [67151, 67195, 67084, 45448, 44338, 45208, 45216, 45262, 45271, 67073, 68536], "label": "bin"}, {"objectId": 31, "id": 31, "partId": 31, "index": 40, "dominantNormal": [-0.336318701505661, -0.9417482018470764, -2.0911010741799272e-16], "obb": {"axesLengths": [0.5077546711226412, 0.8399999848008155, 0.20762607678157236], "centroid": [-0.21956551100990152, -0.3661449030176376, -0.15000001940280216], "normalizedAxes": [0.9417482018470764, -0.336318701505661, -7.467775320472403e-17, 0, -2.220446049250313e-16, 1, -0.336318701505661, -0.9417482018470764, -2.0911010741799272e-16]}, "segments": [7117, 7318, 7187, 15016, 7250, 7212], "label": "clothes"}, {"objectId": 32, "id": 32, "partId": 32, "index": 41, "dominantNormal": [-0.3394916355609894, -0.9406090974807739, -2.088571754390087e-16], "obb": {"axesLengths": [1.1306408898026432, 2.124679875567259, 0.19534870129603077], "centroid": [-0.2775286366287366, -0.37655454778087427, -0.41234000785037916], "normalizedAxes": [0.9406090974807739, -0.3394916355609894, -7.53822860934926e-17, 0, -2.220446049250313e-16, 1, -0.3394916355609894, -0.9406090974807739, -2.088571754390087e-16]}, "segments": [22236, 6700, 3442, 26961, 3892, 3988, 4072, 4094, 4130, 5753, 7306, 7309, 16356, 16396, 16435, 18064, 58830, 6059], "label": "door"}, {"objectId": 33, "id": 33, "partId": 33, "index": 42, "dominantNormal": [0.9591262936592102, -0.2829783260822296, -6.283381061727536e-17], "obb": {"axesLengths": [3.4518918702541397, 2.406121975046649, 0.1525786213837263], "centroid": [0.6803888225615382, 1.065709714303125, -0.2679090458934972], "normalizedAxes": [0.2829783260822296, 0.9591262936592102, 2.129688189487689e-16, 0, -2.220446049250313e-16, 1, 0.9591262936592102, -0.2829783260822296, -6.283381061727536e-17]}, "segments": [25619, 72731, 31865, 22498, 32471, 25341, 22156, 22231, 22420, 31708, 21521, 7624, 22319, 72070, 17709], "label": "wall"}, {"objectId": 34, "id": 34, "partId": 34, "index": 43, "dominantNormal": [0, -2.220446049250313e-16, 1], "obb": {"axesLengths": [4.892730790922533, 1.3250999750547103, 3.5421513489042993], "centroid": [-1.5931032259164921, 1.7437306338283856, 1.2125499554585666], "normalizedAxes": [0.9624595642089844, -0.2714250981807709, -6.02684786922871e-17, 0, -2.220446049250313e-16, 1, -0.2714250981807709, -0.9624595642089844, -2.1370895369110174e-16]}, "segments": [4804, 3107, 19297, 3334, 7364, 7483, 7661, 24335, 7682, 41180, 39863, 39904, 40175, 5247, 40228, 40229, 65413, 39973, 39827, 74741, 20007, 26044, 3723], "label": "ceiling"}, {"objectId": 48, "id": 48, "partId": 48, "index": 44, "dominantNormal": [0.9730162620544434, -0.23073647916316986, -5.123379035757877e-17], "obb": {"axesLengths": [2.1605335045296035, 1.9999998956918732, 0.7147367299231691], "centroid": [-4.282796860932634, 2.1510905122585893, -0.4100000189557673], "normalizedAxes": [0.23073649406433105, 0.9730162620544434, 2.160530114935096e-16, 0, -2.220446049250313e-16, 1, 0.9730162620544434, -0.23073649406433105, -5.123379366630122e-17]}, "segments": [18815, 11213, 11164, 40470, 41172, 31923, 18950, 65903, 19148, 24455, 26593, 66527, 45986, 45880, 66607, 41643, 42315, 65157, 63248, 11188, 40528, 64108, 10999, 37839, 37809, 37558, 8918, 9612, 9712, 9938, 10062, 10227, 10261, 10275, 10280, 10286, 10314, 10997, 11152, 11599, 11603, 11604, 11613, 11660, 11671, 11672, 11684, 11685, 11693, 11697, 11705, 11725, 11735, 11763, 11792, 12024, 12025, 12030, 12053, 12066, 12085, 12105, 12188, 12198, 12205, 12297, 12312, 12526, 12652, 12666, 12700, 12718, 12742, 12764, 13007, 13106, 13164, 13172, 13174, 13259, 13302, 13974, 13995, 14003, 14021, 14034, 14723, 14740, 14781, 16521, 16528, 16546, 16558, 16579, 16724, 16728, 16760, 16936, 16944, 16949, 16952, 16984, 17124, 17162, 17185, 17223, 17454, 17465, 17540, 18873, 18888, 18902, 19041, 19047, 19049, 19065, 19118, 19122, 19126, 19154, 19163, 19186, 19191, 19195, 19203, 23574, 23619, 23697, 23700, 23738, 23754, 23779, 23780, 23809, 23942, 23956, 23970, 23987, 24014, 24031, 24098, 24396, 24474, 24644, 24689, 24722, 24731, 24746, 24758, 24781, 24870, 24875, 24901, 24910, 24916, 24984, 25050, 25058, 25093, 25102, 25145, 25160, 25200, 25236, 25253, 25258, 25290, 25320, 25345, 26073, 26081, 26109, 26156, 26188, 26222, 26235, 26245, 26261, 26277, 26281, 26361, 26467, 26495, 26533, 26544, 26548, 26611, 26781, 26789, 26994, 27003, 27005, 27010, 27041, 28402, 28436, 28439, 28453, 28480, 28502, 28885, 28978, 29039, 29076, 29080, 29104, 29113, 29125, 29135, 29147, 29207, 29241, 29277, 29339, 29374, 29405, 29449, 29454, 29510, 31526, 31828, 31835, 32087, 32103, 32120, 32142, 32152, 32736, 32756, 32804, 32872, 32903, 32988, 33058, 33066, 33122, 33129, 33286, 33311, 33324, 33328, 33329, 33507, 33663, 33874, 33907, 34059, 34060, 34151, 34205, 34321, 34331, 34357, 34393, 34409, 34416, 34479, 34498, 34562, 34567, 34582, 34595, 34603, 34608, 34694, 34772, 34799, 34855, 34859, 35378, 35411, 35416, 35559, 35580, 35592, 36374, 37111, 37179, 37200, 37213, 37268, 37301, 37338, 37339, 37341, 37409, 37536, 37543, 37552, 37553, 37633, 37646, 37676, 37683, 37690, 37696, 37697, 37718, 37723, 37787, 37794, 37883, 37918, 39686, 40398, 40463, 40471, 40546, 40558, 40563, 40976, 41046, 41109, 41110, 41138, 41229, 41253, 41286, 41291, 41354, 41421, 41532, 41569, 41716, 41727, 41750, 41767, 41829, 41946, 41956, 42035, 42066, 42069, 42077, 42100, 42102, 42170, 42180, 42192, 42200, 42223, 42243, 42359, 43161, 43189, 43218, 43226, 44259, 44446, 44553, 45312, 45478, 45493, 45528, 45645, 45933, 45975, 46419, 46560, 49075, 49519, 49626, 49647, 49670, 57547, 57639, 57651, 59350, 59387, 59440, 59500, 59501, 59505, 59563, 59581, 59607, 59651, 59694, 59697, 59698, 59701, 59712, 59745, 59749, 59768, 59772, 59776, 59831, 59836, 60368, 60370, 60372, 60417, 60438, 60504, 60508, 60515, 60523, 60643, 60650, 60659, 60722, 60768, 60821, 60823, 60824, 60827, 61024, 61053, 61069, 61074, 61116, 61136, 61138, 61142, 61181, 61182, 61209, 61213, 61320, 61324, 61327, 61331, 61335, 61339, 61366, 61378, 61422, 61677, 61683, 61687, 61696, 61713, 61783, 61851, 61858, 61867, 61886, 61896, 61899, 61958, 61981, 62036, 62088, 62094, 62098, 62100, 62107, 62126, 62136, 62218, 62231, 62290, 62305, 62310, 62342, 63028, 63229, 63236, 63239, 63272, 63276, 63287, 63295, 63297, 63307, 63406, 63451, 63455, 63460, 63504, 63525, 63623, 63628, 64092, 64096, 64098, 64316, 64609, 64790, 64813, 64851, 64852, 64875, 64886, 64928, 64932, 65013, 65017, 65029, 65201, 65229, 65629, 65640, 65643, 65645, 65647, 65686, 65688, 65715, 65716, 65811, 65873, 65880, 65884, 65886, 66003, 66054, 66137, 66161, 66238, 66373, 66429, 66466, 66579, 66583, 66587, 67499, 67502, 67585, 68117, 75291, 75297, 75350, 8980, 34549, 57489, 57510, 57598, 59277, 63012, 75213, 9158, 9217, 9613, 24567, 33514, 34564, 34612, 57530, 57560, 59292, 9146, 9160, 9162, 9172, 9655, 9720, 9891, 9892, 9967, 32955, 33216, 34587, 34647, 34691, 34783, 35398, 35423, 35438, 57572, 59288, 59290, 61754, 61895, 75224, 9230, 21474, 24712, 31586, 33440, 34645, 34778, 34826, 35475, 37221, 37276, 60543, 61150, 61872, 63042, 63071, 9181, 21608, 33531, 34561, 34633, 34641, 34830, 34841, 35362, 60686, 61731, 61835, 63058, 33160, 61880, 34834, 35434, 57472, 35355, 26803, 33233, 49870], "label": "balcony door"}], "scan_id": "c92fb594-f771-2064-879b-cc598a9dabe5", "annId": "5370", "appId": "stk.v1"}