{"segGroups": [{"objectId": 1, "id": 1, "partId": 1, "index": 0, "dominantNormal": [-0.670182466506958, -0.7421963810920715, -1.64800702216377e-16], "obb": {"axesLengths": [5.12888391687997, 3.37615995013356, 0.267041339769272], "centroid": [0.7734567867078948, 2.8293591120472534, 0.1695299576327951], "normalizedAxes": [0.7421963810920715, -0.670182466506958, -1.4881040100322052e-16, 0, -2.220446049250313e-16, 1, -0.670182466506958, -0.7421963810920715, -1.64800702216377e-16]}, "segments": [13965, 12024, 6460, 52116, 52484, 53201, 51258, 50770, 54001, 6464, 54749, 1770, 2577, 2614, 2677, 2683, 2702, 4408, 4745, 5097, 5101, 5114, 5132, 5139, 5256, 5259, 5293, 5311, 5317, 5322, 5378, 5420, 5450, 5476, 5491, 5905, 6648, 6658, 6673, 6721, 6818, 6859, 6905, 6917, 6925, 6927, 6962, 7027, 7056, 7455, 7456, 7477, 7482, 7637, 7661, 7696, 7697, 7709, 7713, 7749, 7762, 7778, 7780, 7794, 7797, 7807, 7821, 8596, 12023, 12279, 12289, 12310, 12323, 12337, 19948, 19962, 19964, 19965, 19979, 20015, 20018, 20019, 20024, 20033, 20034, 20047, 20074, 20075, 24062, 31112, 31190, 31193, 31200, 32982, 32985, 33006, 33031, 33055, 33062, 33109, 33113, 33132, 33133, 33152, 33166, 33188, 33202, 33217, 33220, 33226, 33237, 33240, 33891, 33898, 33919, 33926, 33928, 33934, 33942, 33961, 35877, 35892, 35928, 44049, 44296, 44555, 44844, 46908, 46981, 46991, 47078, 47785, 48318, 48488, 48500, 48507, 48509, 48510, 48514, 48519, 48552, 48558, 48563, 48586, 48591, 48601, 48607, 48608, 48630, 48654, 49391, 49611, 49671, 49739, 49792, 49798, 51201, 51246, 51283, 51291, 51772, 52876, 54598, 63202, 69632, 69670, 72207, 73628, 74187, 74249, 74251, 74286, 74288, 74399, 74422, 74866, 74879, 74897, 74933, 74976, 74978, 74980, 74982, 74988, 74990, 74997, 75051, 75057, 75071, 75082, 75115, 75124, 75128, 75142, 75148, 75155, 75159, 75161, 75171, 75175, 75177, 75209, 75241, 75277, 75303, 75312, 75627, 75631, 75768, 75795, 75799, 75816, 75818, 75837, 75888, 75893, 75912, 75925, 75938, 75941, 75948, 75950, 75951, 75966, 75994, 76005, 76006, 76012, 76013, 76046, 76065, 76084, 76098, 76105, 76115, 76134, 76177, 76193, 76196, 76203, 76213, 76214, 76229, 76274, 76287, 76306, 76310, 76313, 76317, 76321, 76324, 76330, 76339, 76341, 76347, 76367, 76644, 76650, 76656, 76659, 76672, 76712, 76734, 76736, 76740, 76764, 76766, 76778, 76811, 76826, 76831, 76834, 76850, 76869, 76870, 76878, 76899, 76903, 76905, 76941, 76947, 76967, 77035, 77046, 77108, 77312, 77326, 77337, 77360, 77371, 77382, 77383, 77400, 77416, 77473, 78256, 79770, 79776, 79783, 79787, 79881, 80050, 80053, 80058, 80067, 80109, 80161, 80172, 80182, 80185, 80187, 80197, 80202, 80206, 80210, 81487, 81493, 81494, 81502, 81505, 84392, 84398, 84408, 84409, 84418, 84422, 84559, 84901, 84905, 84910, 84915, 86134, 86138, 86310, 87070, 87819, 87834, 94213, 96870, 96893, 96899, 97086, 97104, 97106, 97136, 97146, 97150, 97155, 97162, 97166, 97168, 97172, 97176, 97185, 97186, 97189, 97193, 97207, 97208, 97220, 97469, 97472, 97474, 97486, 97500, 97506, 97509, 97516, 97518, 97535, 97540, 97545, 97549, 97555, 97559, 97561, 97566, 97577, 97578, 97582, 97590, 97598, 97604, 98580, 98584, 98585, 98596, 98597, 98604, 98606, 98610, 98613, 98615, 98616, 98618, 98630, 98632, 98635, 98638, 98641, 98648, 98659, 98667, 98670, 98677, 98692, 98779, 98847, 98890, 100346, 100357, 100394, 100397, 100405, 100460, 100475, 100479, 100482, 100487, 100489, 100502, 100503, 100625, 101316, 101509, 101743, 101949, 33681, 123, 161, 5590, 44481, 44851, 51264, 79117, 79120, 80105, 86002, 4440, 100847], "label": "wall"}, {"objectId": 2, "id": 2, "partId": 2, "index": 1, "dominantNormal": [-0.6785352826118469, -0.7345678210258484, -1.631068216103256e-16], "obb": {"axesLengths": [1.9460414583930232, 0.9599999570846562, 0.08480874695816977], "centroid": [1.115655437505684, 2.5334859322529963, 0.16999997004866585], "normalizedAxes": [0.7345678210258484, -0.6785352826118469, -1.5066509875524202e-16, 0, -2.220446049250313e-16, 1, -0.6785352826118469, -0.7345678210258484, -1.631068216103256e-16]}, "segments": [70306, 7884, 7916, 7943, 7965, 33617, 33627, 33640, 33646, 33690, 33719, 33738, 44763, 44771, 80223, 80225, 84481, 86373], "label": "blackboard"}, {"objectId": 3, "id": 3, "partId": 3, "index": 2, "dominantNormal": [0, -2.220446049250313e-16, 1], "obb": {"axesLengths": [5.797415322149445, 0.264090055284871, 4.006409358639981], "centroid": [-0.1396979412163596, 1.250438341559113, -1.4131049924394863], "normalizedAxes": [0.8167793154716492, -0.576950192451477, -1.28108677544309e-16, 0, -2.220446049250313e-16, 1, -0.576950192451477, -0.8167793154716492, -1.8136144041483985e-16]}, "segments": [724, 898, 1052, 1145, 1237, 1245, 1290, 1306, 1313, 1351, 1621, 1892, 6475, 6781, 6788, 6837, 6872, 7062, 7102, 11755, 16793, 19346, 20128, 20176, 20233, 20237, 20305, 20347, 20371, 21160, 21407, 21562, 21573, 21576, 22653, 22783, 23258, 23523, 23536, 26744, 26853, 27247, 27711, 27783, 27850, 27870, 27892, 27921, 28251, 28270, 28275, 28276, 28277, 28721, 28792, 29134, 32910, 33517, 35467, 35491, 35598, 35724, 36393, 37182, 37544, 37602, 37624, 37650, 37685, 37698, 39638, 39714, 39812, 39852, 39853, 39856, 40550, 40573, 43964, 43997, 44055, 44082, 44098, 44116, 44123, 44126, 44132, 44150, 44193, 44198, 56018, 56020, 56041, 56048, 56114, 56124, 56126, 56130, 67847, 79170, 79172, 79199, 79215, 79249, 79253, 81510, 81533, 83975, 84059, 84313, 84316, 84318, 84321, 84325, 85786, 85787, 86189, 86191, 89252, 89260, 99101, 99537, 20164, 20184, 20212, 20214, 20266, 20268, 20312, 20342, 20352, 20367, 33471, 33480, 35992, 36086, 36115, 36124, 37045, 37553, 37638, 39797, 75350, 75432, 81513, 81519, 81525, 81540, 97222, 2237, 7385, 7838, 8223, 20630, 20949, 49202, 49250, 60856, 60924, 60932, 60933, 60981, 61026, 61031, 61169, 79196, 91049, 94464, 94488, 94490, 99664, 60541, 58602, 7587, 12216, 99509, 1560, 47165, 48329, 37611, 40793, 972, 9861, 13398, 23379], "label": "floor"}, {"objectId": 4, "id": 4, "partId": 4, "index": 3, "dominantNormal": [-0.6768203973770142, -0.7361481785774231, -1.634577314785053e-16], "obb": {"axesLengths": [4.905351718859958, 3.347149893332646, 0.7274010072736214], "centroid": [-1.4851125404376302, 0.17310440951597483, 0.1764250227862958], "normalizedAxes": [0.7361481785774231, -0.6768203973770142, -1.502843177407818e-16, 0, -2.220446049250313e-16, 1, -0.6768203973770142, -0.7361481785774231, -1.634577314785053e-16]}, "segments": [74539, 68077, 74211, 97690, 1338, 11630, 15220, 15330, 15358, 16403, 17839, 23076, 23117, 25430, 27349, 31879, 32032, 33759, 33792, 41204, 41216, 41230, 41340, 41342, 42712, 42820, 47223, 47265, 47283, 48410, 48448, 48471, 51469, 52468, 52564, 52580, 52612, 52616, 52642, 52655, 53255, 53291, 53329, 53359, 53363, 57649, 60131, 62129, 62134, 62178, 62189, 62191, 62197, 62213, 62218, 62228, 62231, 62235, 62272, 62273, 62448, 62452, 62515, 62558, 62587, 62847, 63072, 63111, 64371, 64396, 64410, 64414, 64438, 64453, 64457, 64464, 64466, 64474, 64476, 64486, 64501, 64520, 64523, 64540, 64551, 64591, 64593, 65010, 65047, 65063, 65076, 65078, 65089, 65113, 65128, 65133, 65153, 65163, 65170, 65196, 65200, 65210, 65236, 65238, 65249, 65262, 65279, 65286, 66106, 67532, 68225, 68243, 68994, 69337, 69386, 69415, 71949, 71968, 71998, 72033, 73887, 75036, 75042, 75046, 75139, 75188, 75314, 75362, 75398, 75441, 75488, 75541, 75546, 75609, 75610, 75644, 75651, 75670, 75687, 75734, 78709, 78741, 81275, 81278, 84492, 84494, 84495, 84499, 87061, 88474, 88477, 91584, 91587, 91602, 91603, 91605, 91607, 91611, 91614, 91620, 91621, 92063, 92065, 92068, 92070, 92074, 92081, 92083, 92086, 92089, 92093, 92100, 92109, 92115, 92121, 92123, 92126, 92136, 92145, 92287, 92291, 92293, 92297, 92315, 92319, 92322, 92325, 94294, 95094, 95096, 95099, 96124, 96136, 96214, 96216, 96218, 96223, 96225, 96235, 96247, 96252, 96254, 96259, 96263, 96265, 96275, 96288, 96292, 98078, 98282, 98578, 41272, 65040, 75062, 75786, 98204, 87846, 12303, 12305, 12329, 12932, 14013, 14389, 14808, 25999, 58626, 61256, 78780, 78808, 70954, 97985, 97842, 53395, 54546, 87305, 87294, 49742, 87902, 49688, 51435, 87924, 42413, 51418, 64560, 70161, 92254, 52781, 31488, 27301, 53667, 92983, 66410, 64759, 92772, 93447, 93454, 92819, 52917, 52874, 53045, 53537, 88483, 88480, 93460, 52822, 88558, 93445, 64837, 54339, 68877, 56350, 56194, 54019, 88615, 54214, 88636, 54213, 53581, 22806, 65655, 80392, 15508, 5325], "label": "wall"}, {"objectId": 5, "id": 5, "partId": 5, "index": 4, "dominantNormal": [-0.6686062812805176, -0.7436165809631348, -1.6511604993566182e-16], "obb": {"axesLengths": [2.055209125149461, 1.2599999623000624, 0.07091653109046799], "centroid": [-1.3001556101851879, -0.14073089037874964, 0.04000000752508548], "normalizedAxes": [0.7436165809631348, -0.6686062812805176, -1.4846041757732688e-16, 0, -2.220446049250313e-16, 1, -0.6686062812805176, -0.7436165809631348, -1.6511604993566182e-16]}, "segments": [64881, 22649, 60080, 43429], "label": "blackboard"}, {"objectId": 7, "id": 7, "partId": 7, "index": 5, "dominantNormal": [0.7362908720970154, -0.676665186882019, -1.502498540877404e-16], "obb": {"axesLengths": [3.5296252137597124, 1.7999999716877928, 0.6096431954732632], "centroid": [-2.156050667803909, 3.132824857276122, 0.22999997109174708], "normalizedAxes": [0.676665186882019, 0.7362908720970154, 1.6348941580468854e-16, 0, -2.220446049250313e-16, 1, 0.7362908720970154, -0.676665186882019, -1.502498540877404e-16]}, "segments": [38487, 28546, 83111, 26712, 28013, 30466, 38657, 85549, 38741, 28050, 38579, 38584, 38613, 38616, 38779, 83028, 83033, 85537, 30702, 24505, 176, 22377, 22384, 22402, 27633, 27923, 28071, 28561, 28563, 30452, 30539, 30555, 30564, 30569, 30581, 30587, 30761, 30840, 38469, 38530, 38555, 81744, 81969, 82961, 83974, 83988, 83990, 84013, 84053, 84089, 84238, 85448, 85490, 28547, 38562, 91933, 93332, 13709, 23164, 23171, 23183, 23188, 23984, 24014, 24018, 24020, 24086, 24093, 24139, 24144, 24156, 24173, 24178, 24215, 24222, 24227, 24240, 24255, 24261, 24292, 24297, 24308, 26260, 28051, 28849, 29392, 29428, 29450, 29454, 29460, 31763, 31764, 63478, 63488, 63742, 63789, 63823, 63944, 63965, 63991, 64047, 64049, 64107, 65640, 65676, 65722, 65728, 65744, 65777, 65806, 65850, 65943, 66031, 81810, 81852, 81855, 81862, 81866, 81897, 81901, 81907, 81912, 83019, 83054, 83226, 83554, 83556, 83559, 83562, 83605, 84193, 91757, 91759, 91760, 91924, 91928, 91971, 92555, 92562, 92568, 92572, 92576, 92581, 92680, 92683, 92686, 92689, 63749, 93552, 92600, 27015, 27033, 27035, 27049, 27056, 27065, 31774, 31822, 31878, 62336, 62360, 63519, 63728, 63732, 63779, 63812, 63926, 63951, 63977, 63981, 63982, 64023, 64041, 64052, 64058, 65314, 65319, 65631, 65638, 65696, 65721, 65738, 65853, 65867, 65910, 65933, 65951, 65971, 65983, 65997, 66014, 66016, 66021, 66581, 67205, 82828, 82833, 82898, 91952, 91975, 91979, 91990, 92331, 92596, 93337, 93341, 93380, 31869, 66590, 67935, 93610, 2283, 2285, 2305, 3449, 4255, 4288, 4308, 4326, 4708, 4711, 5588, 5617, 5628, 5646, 6127, 6148, 6158, 6179, 6197, 7002, 7011, 8556, 9297, 9304, 9441, 9449, 9461, 9480, 9485, 9491, 27566, 66585, 67952, 71434, 72692, 79395, 79746, 79748, 79755, 79791, 79795, 79966, 79971, 80088, 80311, 93625, 79988, 68480, 68454, 67419, 93803, 67366, 67250, 67345, 29457, 20788, 16839, 20921, 2554, 2604, 2652, 2658, 2662, 2664, 2689, 2710, 3047, 3065, 3089, 3108, 3113, 3116, 3172, 3179, 3201, 3252, 3258, 3279, 6193, 6223, 6225, 6234, 6266, 6281, 6287, 6313, 6336, 6353, 6743, 7050, 7211, 7243, 7244, 7246, 7337, 7401, 7446, 7467, 7478, 7510, 7538, 7557, 7560, 7580, 7599, 7602, 7629, 7666, 7687, 7715, 7718, 7730, 7768, 8162, 8216, 12409, 16814, 16833, 16848, 16867, 16869, 16884, 16888, 16897, 16899, 16905, 16908, 16913, 16946, 16999, 17029, 17073, 17587, 18711, 18713, 18733, 20651, 20663, 20675, 20691, 20699, 20704, 20708, 20737, 20745, 20755, 20809, 20820, 20823, 20834, 20855, 20859, 20880, 20930, 20965, 20999, 21014, 21022, 21025, 21040, 21062, 21077, 21087, 21088, 21399, 21493, 22824, 23839, 28289, 28576, 29434, 29503, 29504, 29528, 29563, 29576, 29591, 29608, 29618, 29666, 29686, 29697, 29708, 29712, 29727, 29746, 29752, 29778, 30265, 32406, 32414, 32500, 32760, 33549, 34112, 34467, 36601, 45647, 45659, 45662, 45692, 45729, 46212, 51203, 51249, 58272, 58274, 58390, 65343, 65356, 65366, 65375, 67030, 67065, 67066, 67266, 67282, 67310, 68083, 68091, 68112, 68165, 68335, 68351, 68371, 68393, 69461, 69507, 69510, 69564, 69638, 71808, 71819, 71878, 73507, 73571, 79400, 79409, 79444, 79449, 79525, 79555, 79558, 79564, 79568, 79757, 79977, 80002, 80025, 80037, 80084, 80114, 80120, 80152, 81237, 81244, 81253, 81256, 81547, 81549, 81559, 81562, 81572, 81574, 81576, 81586, 81589, 81616, 81619, 81624, 81634, 81669, 81684, 81836, 81847, 83080, 83568, 83570, 83571, 83573, 83580, 83596, 83622, 83623, 83634, 83640, 83643, 83649, 83783, 83893, 84302, 86452, 86482, 87097, 87113, 87826, 90630, 90656, 90659, 91675, 91887, 91897, 91900, 92332, 92333, 92340, 92341, 92437, 92740, 93110, 93147, 93154, 93157, 93159, 93163, 93165, 93168, 93169, 93404, 93676, 93817, 93899, 93938, 94207, 95055, 95065, 95073, 96674, 100592, 27254, 3157, 40522, 68244, 93635, 93777, 93782, 68193, 93768, 68160, 68098, 67157, 68497, 85856, 85858, 40508, 40506, 67127, 67144, 68126, 67137, 67135, 93233, 55408, 93770, 68089], "label": "window"}, {"objectId": 8, "id": 8, "partId": 8, "index": 6, "dominantNormal": [0.739404559135437, -0.6732614040374756, -1.4949406247077314e-16], "obb": {"axesLengths": [0.4734553905599226, 2.03137989272073, 0.314237690070979], "centroid": [-0.9977458594026207, 4.146158363771656, 0.3856899521718171], "normalizedAxes": [0.6732614040374756, 0.739404559135437, 1.6418079321299506e-16, 0, -2.220446049250313e-16, 1, 0.739404559135437, -0.6732614040374756, -1.4949406247077314e-16]}, "segments": [5245, 95768, 3705, 72561, 51688, 51878, 86476, 43535, 96883, 46004, 46005, 4111, 4157, 43681, 43710, 43712, 43740, 43780, 45575, 45600, 69579, 72408, 72768, 74095, 86456, 95790, 96106, 51963, 45581, 95986, 96088, 3634, 43614, 88027, 3951, 74264, 74444, 96908, 73707, 95964, 96205, 96178, 2589, 3721, 3732, 3742, 3801, 3851, 3860, 3872, 3949, 4620, 4646, 5197, 5299, 5365, 5430, 5585, 41991, 43540, 43550, 43607, 43627, 43682, 43764, 45363, 45392, 45403, 45485, 45488, 45597, 45606, 45616, 45633, 45680, 45683, 45717, 51273, 51294, 51896, 51899, 51910, 69480, 69492, 69516, 69541, 69571, 69603, 69621, 69695, 72638, 72707, 72770, 73461, 73513, 73524, 73544, 73580, 73588, 73604, 73668, 73679, 73684, 73691, 73693, 73699, 73706, 73941, 74023, 74243, 74258, 74291, 74299, 74340, 74355, 74408, 79781, 86157, 86161, 86489, 86492, 88117, 88339, 94302, 94313, 94315, 94365, 94366, 94371, 95882, 95917, 95935, 95944, 95948, 95952, 96591, 96739, 96746, 96747, 96752, 96761, 96765, 96854, 96972, 97064, 96988, 3619, 4109, 88266, 69677], "label": "blinds"}, {"objectId": 9, "id": 9, "partId": 9, "index": 7, "dominantNormal": [0, -2.220446049250313e-16, 1], "obb": {"axesLengths": [5.052903167164235, 0.6688999980188903, 3.8824062639388113], "centroid": [-0.3248446347093059, 1.4051763247639257, 1.6044499385107311], "normalizedAxes": [0.710450291633606, -0.7037473917007446, -1.562633115572131e-16, 0, -2.220446049250313e-16, 1, -0.7037473917007446, -0.710450291633606, -1.577516543246573e-16]}, "segments": [11179, 3560, 8694, 13618, 13421, 13997, 78087, 14822, 36136, 36047, 78649, 26563, 78967, 69399, 78668, 78572, 76284, 76722, 76132, 78273, 62427, 15893, 56892, 88537, 69181, 58037, 62594, 67471, 71130, 67550, 56868, 16079, 3529, 4028, 8522, 55588, 5834, 3591, 73188, 67643, 43008, 74740, 78596, 36013, 47793, 77968, 102052, 8417, 77608, 77720, 14817, 77952, 102671, 8380, 71717, 18297, 18206, 18265, 18351, 2997, 78686, 61677, 63381, 61740, 67537, 67658, 67635, 61728, 72140, 62949, 70918, 26757, 28653, 40992, 98454, 98464, 76495, 81102, 31685, 30407, 18334, 18324, 18359, 18339, 18349, 78876, 78860, 78848, 78828, 78864, 30203, 83859, 30200, 30207, 102236, 30133, 18303, 81295, 81293, 81285, 18341, 30355, 26612, 26586, 83970, 71630, 77986, 77942, 77626, 30118], "label": "ceiling"}, {"objectId": 10, "id": 10, "partId": 10, "index": 8, "dominantNormal": [0, -2.220446049250313e-16, 1], "obb": {"axesLengths": [3.35352563534876, 0.2957600289040796, 0.3754083571827232], "centroid": [0.4873595708231584, 0.5102854685248289, 1.4821199313077336], "normalizedAxes": [0.700009822845459, 0.7141332030296326, 1.5856942493056193e-16, 0, -2.220446049250313e-16, 1, 0.7141332030296326, -0.700009822845459, -1.554334045573611e-16]}, "segments": [60203, 58231, 57732, 59328, 59332, 59337, 59343, 59365, 59371, 59374, 60036, 60062, 60114, 60208, 60215, 89006, 89013, 89018, 89029, 89220, 89259, 57572, 59353, 57438, 89128, 59885, 57625, 57814, 59884, 89083, 89096, 60027, 88948, 57728, 57846, 59029, 59072, 60020, 60021, 88952, 88977, 89295, 13503, 13505, 56410, 56415, 57234, 57462, 58595, 58642, 58704, 58757, 58806, 88933, 89181, 89371, 53236, 12127, 80821, 8792, 8880, 8888, 8941, 8969, 9009, 9076, 9146, 9615, 9715, 9956, 10002, 10009, 10012, 10064, 10075, 10076, 10090, 10112, 10119, 10141, 10151, 10166, 10220, 10229, 10516, 11051, 11067, 12158, 12627, 12637, 13477, 80284, 80288, 80583, 80610, 80616, 80620, 80623, 80626, 80628, 80637, 80640, 80647, 80654, 80658, 80679, 80720, 80828, 80984, 81049, 81057, 81061, 89344, 89385, 11080, 5076, 5058, 6042, 6094, 8964, 8986, 9104, 9161, 9166, 9171, 9692, 9794, 9845, 10442, 10480, 80277, 80281, 80306, 80310, 80367, 80568, 80662, 80663, 80476, 4517, 4550, 5016, 5068, 5698, 5714, 5718, 5719, 5756, 5769, 5772, 5800, 6106, 10418, 79766, 79799, 79801, 79803, 79805, 79806, 79807, 79809, 79811, 79815, 79818, 79873, 80382, 80387, 80436, 80524, 79846, 4485, 4863, 5679, 6030, 6022, 6034, 10472, 79935, 79937, 79942, 79957, 10455, 60638, 60130, 80316, 80318, 80320, 89225, 91644, 9496, 60468, 63195], "label": "lamp"}, {"objectId": 11, "id": 11, "partId": 11, "index": 9, "dominantNormal": [0, -2.220446049250313e-16, 1], "obb": {"axesLengths": [3.08529009967489, 0.24986004270926065, 0.34922476507056815], "centroid": [-1.3427181757079434, 2.3579185303233388, 1.485069943925664], "normalizedAxes": [0.6658380627632141, 0.7460963129997253, 1.6566666105604651e-16, 0, -2.220446049250313e-16, 1, 0.7460963129997253, -0.6658380627632141, -1.4784574959030608e-16]}, "segments": [15522, 45272, 90878, 15518, 15541, 22715, 45241, 45259, 45288, 49397, 49399, 49428, 60712, 60769, 60806, 60836, 81126, 86449, 87271, 87272, 90770, 90772, 90901, 91000, 92756, 92761, 90792, 45221, 15335, 15350, 15384, 15408, 15562, 22764, 22779, 45310, 60671, 60717, 77239, 81122, 81754, 81756, 92743, 60833, 90756, 59530, 42528, 42541, 59526, 86056, 86059, 15395, 15419, 66191, 66199, 66223, 59124, 40325, 40376, 40418, 57596, 57608, 57688, 58070, 58411, 58547, 58549, 59550, 79027, 79038, 79077, 79092, 91015, 71202, 57410, 40430, 79095, 71283, 94918, 71118, 71162, 71176, 71216, 94700, 94702, 94747, 94750, 94753, 94830, 79085, 57177, 85838, 85842, 85845, 85851, 85853, 94720, 94951, 70630, 70643, 40599, 40626, 40635, 40650, 40651, 40689, 40691, 40700, 40730, 41555, 70240, 70243, 70252, 70271, 70282, 70288, 70428, 70429, 70448, 70529, 70570, 70574, 70623, 70672, 70674, 70675, 70680, 70846, 94418, 94420, 94423, 94426, 94435, 94439, 94441, 94547, 71099, 22687, 15469, 77227, 40636], "label": "lamp"}, {"objectId": 12, "id": 12, "partId": 12, "index": 10, "dominantNormal": [0.7415072917938232, -0.6709448099136353, -1.4897967524377337e-16], "obb": {"axesLengths": [3.7429859980380025, 3.3449799266834557, 0.24089145218129188], "centroid": [1.4722856880950814, -0.19016492153808762, 0.1774400302594885], "normalizedAxes": [0.6709448099136353, 0.7415072917938232, 1.646476936553894e-16, 0, -2.220446049250313e-16, 1, 0.7415072917938232, -0.6709448099136353, -1.4897967524377337e-16]}, "segments": [46299, 72488, 72949, 55356, 3328, 16388, 87605, 68950, 42848, 43898, 35496, 25368, 31557, 31913, 44417, 44331, 44292, 44265, 87389, 34829, 26480, 35107, 35024, 83811, 34849, 83631, 34847, 35030, 72450, 37787, 22501], "label": "wall"}, {"objectId": 13, "id": 13, "partId": 13, "index": 11, "dominantNormal": [-0.4688454568386078, -0.8832802176475525, -1.9612760696564646e-16], "obb": {"axesLengths": [1.0650481309108637, 2.2193799118836237, 0.22897383370364832], "centroid": [1.9381705909204379, 0.9890587651339282, -0.3996900063077362], "normalizedAxes": [0.8832802176475525, -0.4688454270362854, -1.0410459761717958e-16, 0, -2.220446049250313e-16, 1, -0.4688454270362854, -0.8832802176475525, -1.9612760696564646e-16]}, "segments": [97301, 75557, 73755, 2533, 87836, 63308, 69737, 72104, 69831, 63346, 96766, 40822, 40826, 42784, 97373, 4079, 8785, 97228, 44459, 2504, 40786, 2827, 240, 223, 271, 345, 645, 664, 674, 695, 705, 714, 743, 745, 15354, 16064, 22815, 23198, 23199, 23775, 23786, 38210, 38400, 38640, 38672, 39217, 40809, 53751, 63240, 63297, 69097, 69104, 69122, 69136, 69143, 69218, 69261, 69803, 69818, 73770, 73787, 73790, 74676, 75615, 79176, 79177, 79262, 79263, 79266, 84567, 84569, 96835, 97465, 41551, 69183, 69222, 69151, 677, 69240, 79280, 79283, 94286], "label": "door"}, {"objectId": 14, "id": 14, "partId": 14, "index": 12, "dominantNormal": [0, -2.220446049250313e-16, 1], "obb": {"axesLengths": [1.4264966770076237, 0.8066099701834473, 0.9612616088480278], "centroid": [-0.25282345398540973, 1.3239102757729428, -1.0533049597597506], "normalizedAxes": [0.7176582217216492, 0.6963955163955688, 1.5463086730961725e-16, 0, -2.220446049250313e-16, 1, 0.6963955163955688, -0.7176582217216492, -1.593521363133841e-16]}, "segments": [15899, 91174, 20397, 28208, 850, 15948, 15954, 15970, 15973, 16026, 20466, 30947, 50939, 50957, 50972, 61357, 61367, 61383, 91145, 31350, 84105, 31674, 84556, 31351, 10005, 10020, 10098, 10114, 10125, 10189, 10255, 19689, 19752, 19921, 20239, 20280, 20282, 20791, 35613, 35619, 51008, 79183, 79725, 79734, 84839, 84894, 84898, 87747, 30994, 30942, 23090, 1670, 18405, 18458, 18464, 18466, 18704, 22930, 22952, 22984, 22988, 22991, 23104, 27796, 31341, 85344], "label": "desk"}, {"objectId": 15, "id": 15, "partId": 15, "index": 13, "dominantNormal": [0, -2.220446049250313e-16, 1], "obb": {"axesLengths": [2.698893508655309, 1.0672999381877488, 2.085966424173164], "centroid": [-1.2204882440239246, 2.3802990709443548, -0.9236499591100971], "normalizedAxes": [0.8615776896476746, -0.5076257586479187, -1.127155610287464e-16, 0, -2.220446049250313e-16, 1, -0.5076257586479187, -0.8615776896476746, -1.9130867771003913e-16]}, "segments": [95472, 25260, 69945, 45798, 44581, 43165, 61483, 95495, 21268, 50147, 49480, 15780, 50421, 46327, 61774, 50437, 15831, 43219, 15782, 15799, 15821, 15827, 15842, 16129, 16138, 16141, 16156, 16164, 16168, 16170, 16176, 16182, 21294, 21305, 21837, 23637, 23733, 23761, 23767, 27536, 27538, 29374, 33819, 34263, 34324, 34330, 39144, 40502, 41043, 41639, 41680, 41698, 41700, 41711, 41732, 42063, 44584, 44619, 44625, 45103, 45844, 45862, 45889, 45893, 45943, 45958, 45962, 46640, 47671, 47681, 48734, 49012, 50137, 50155, 55574, 55585, 57408, 57423, 57436, 57461, 57463, 57769, 61284, 61460, 61462, 61500, 61703, 64915, 68203, 69844, 69853, 69952, 72138, 72143, 72204, 81160, 81164, 81181, 81188, 81824, 84507, 84745, 86147, 86556, 89671, 89689, 91107, 91206, 91208, 91212, 91235, 91244, 91247, 91250, 92268, 92274, 94375, 94378, 95513, 19363, 50791, 23062, 38116, 52263, 52210, 50847, 50895, 88432, 38258, 41037, 51001, 35631, 9881, 35657, 88436, 52286, 1564, 1691, 27719, 99134, 27751, 82940, 82944, 1516, 1568, 79351, 81807], "label": "desk"}, {"objectId": 16, "id": 16, "partId": 16, "index": 14, "dominantNormal": [0.999785304069519, 0.0207196231931448, 4.6006805461173524e-18], "obb": {"axesLengths": [0.6198138034561135, 0.65054802632597, 0.5575366619177959], "centroid": [-0.2495631055240249, 2.7919725879569963, -0.7544560096161961], "normalizedAxes": [-0.0207196231931448, 0.999785304069519, 2.2199693285196865e-16, 0, -2.220446049250313e-16, 1, 0.999785304069519, 0.0207196231931448, 4.6006805461173524e-18]}, "segments": [19754, 21643, 19749, 31506, 19416, 1210, 1248, 1250, 21255, 28398, 79342, 79346, 81659, 91100], "label": "chair"}, {"objectId": 17, "id": 17, "partId": 17, "index": 15, "dominantNormal": [0.2862769663333893, -0.9581469297409058, -2.1275135647445115e-16], "obb": {"axesLengths": [0.6320842302185941, 0.9712109944698734, 0.6317110606979915], "centroid": [0.6728071996438247, 1.9369117730808096, -1.0043944920362275], "normalizedAxes": [0.9581469297409058, 0.2862769663333893, 6.356625588863391e-17, 0, -2.220446049250313e-16, 1, 0.2862769663333893, -0.9581469297409058, -2.1275135647445115e-16]}, "segments": [32161, 63586, 27100, 27183, 63577, 31921, 84240, 81712, 22235, 27185, 31961, 63610, 82803, 82820, 82625, 26895, 63656, 82806, 22226, 26885, 27107, 82796, 26867, 63569, 63660, 91878, 65471, 99795, 25547, 26384, 25073, 25084, 25099, 25104, 25116, 25138, 25540, 26333, 26352, 26368, 26369, 26375, 26442, 26940, 65474, 65480, 65517, 81981, 81983, 82171, 82628, 82642, 82644, 82650, 82652, 82673, 82812, 82818, 92453, 92463, 92467, 92473, 92476, 92487, 92494, 92496, 92504, 99729, 67457, 26400, 65582, 67454, 25563, 93443], "label": "chair"}, {"objectId": 19, "id": 19, "partId": 19, "index": 16, "dominantNormal": [0, -2.220446049250313e-16, 1], "obb": {"axesLengths": [0.6378034220725484, 0.5365729808083254, 0.5530110043282134], "centroid": [-1.3320646111184535, 0.5301453276490877, -0.8740734691007406], "normalizedAxes": [0.7850687503814697, 0.6194086074829102, 1.3753633953570658e-16, 0, -2.220446049250313e-16, 1, 0.6194086074829102, -0.7850687503814697, -1.7432028051744147e-16]}, "segments": [95736, 87210, 87213, 95650, 87646, 33423, 50617, 50635, 87645, 48914, 26203, 48869, 50583, 48260, 25630, 47330, 86993, 50641, 29251, 29290, 95753], "label": "chair"}, {"objectId": 20, "id": 20, "partId": 20, "index": 17, "dominantNormal": [0.6730685830116272, -0.7395800352096558, -1.6421975672856876e-16], "obb": {"axesLengths": [1.8655388035388862, 2.641959965781271, 0.7035183719402177], "centroid": [0.5629534248686874, -0.605577455890423, -0.16902000638052872], "normalizedAxes": [0.7395800948143005, 0.6730685830116272, 1.494512476022674e-16, 0, -2.220446049250313e-16, 1, 0.6730685830116272, -0.7395800948143005, -1.6421976996345856e-16]}, "segments": [27499, 50862, 11728, 11405, 21913, 12718, 11855, 20604, 25015, 19517, 13109, 33589, 8148, 8172, 9883, 10364, 10365, 10380, 11473, 11634, 11643, 11771, 11782, 11794, 11799, 11811, 11850, 12204, 12465, 12479, 12541, 13176, 17886, 17903, 19460, 19525, 19574, 19595, 19789, 19838, 19857, 19862, 19873, 19881, 21921, 21951, 21960, 21971, 22058, 22063, 24203, 24247, 24377, 24396, 24412, 24435, 24437, 24469, 24515, 24768, 24774, 24875, 24917, 24937, 24942, 25843, 32219, 32959, 33038, 33251, 33325, 33369, 33429, 33874, 33901, 34042, 34080, 34083, 34094, 34265, 40054, 55843, 56657, 56685, 56689, 56735, 56788, 56946, 57864, 57900, 57933, 57962, 57995, 58044, 61567, 63680, 64922, 64957, 65897, 66690, 66738, 66741, 68618, 68631, 68649, 68660, 68687, 68751, 68759, 71348, 71375, 81027, 81037, 81047, 81229, 81250, 81347, 81348, 81350, 81356, 81362, 81441, 81444, 81464, 81472, 81977, 82459, 82472, 83024, 83063, 83066, 83169, 83175, 83231, 83272, 83306, 83336, 84369, 84376, 84385, 86035, 86038, 86720, 86722, 86735, 86746, 86755, 86761, 86927, 89469, 89472, 89475, 89531, 89733, 89744, 89762, 93026, 93042, 93997, 94151, 94154, 94167, 94197, 96584, 96587, 96852, 97512, 97525, 54938, 62685, 88812, 96538, 94045, 34253, 47716, 66747, 83390, 24944, 21973, 25813, 33461, 42165, 48855, 83509, 87116, 2903, 42201, 82904, 48840, 48852, 90412, 16347, 73311], "label": "cabinet"}, {"objectId": 21, "id": 21, "partId": 21, "index": 18, "dominantNormal": [0, -2.220446049250313e-16, 1], "obb": {"axesLengths": [1.0239852574808435, 0.5930420027738359, 0.6062026848424966], "centroid": [0.28007951305295264, -0.8400477327201563, 1.025388979716844], "normalizedAxes": [0.8746209144592285, 0.48480743169784546, 1.076488746360672e-16, 0, -2.220446049250313e-16, 1, 0.48480743169784546, -0.8746209144592285, -1.94204855410269e-16]}, "segments": [82778, 82458, 82688, 19666, 81105, 82405, 19421, 82536, 18966, 19601, 19267, 19261, 31223, 19287, 30757, 19285, 82414, 18824, 18832, 18833, 18848, 18856, 18893, 18918, 18931, 18935, 18990, 18994, 19016, 19204, 19223, 19977, 20036, 25520, 25537, 30871, 30981, 81337, 81374, 81384, 81406, 81412, 82287, 82316, 82318, 82675, 82682, 82684, 82693, 82587, 81112, 20341, 31331, 31415, 31423, 31486, 81070, 82563, 82589, 82593, 82596, 82599, 82603, 82606, 82608, 82612, 82630, 82632, 82636, 91672, 20453, 15454, 15388, 81120, 20552, 21398, 31419], "label": "box"}, {"objectId": 22, "id": 22, "partId": 22, "index": 19, "dominantNormal": [-0.019859561696648598, -0.9998027682304382, -2.220008106746803e-16], "obb": {"axesLengths": [0.8008588777775393, 0.6799999919533728, 0.627948051167461], "centroid": [1.0176901751960152, -0.056246692694310374, 0.8899999825656404], "normalizedAxes": [0.9998027682304382, -0.019859563559293747, -4.409708944506929e-18, 0, -2.220446049250313e-16, 1, -0.019859563559293747, -0.9998027682304382, -2.220008106746803e-16]}, "segments": [88745, 88760, 11250, 66039, 88709, 56219, 11242, 11260, 11285, 16310, 16311, 16319, 16394, 16418, 52355, 52362, 52394, 52436, 52438, 52447, 54372, 54417, 54630, 54663, 54664, 54693, 54700, 54721, 54732, 54745, 54794, 54797, 54799, 54814, 54833, 54928, 54931, 54944, 55145, 55151, 55158, 55176, 55177, 55191, 55197, 55204, 55213, 55220, 55239, 55265, 55266, 55286, 55713, 55738, 55767, 55775, 55780, 55788, 55926, 56247, 56251, 56264, 56292, 56334, 56571, 56586, 56655, 56658, 73308, 73317, 73323, 73330, 73334, 73346, 81012, 81024, 88460, 88462, 88468, 88470, 88671, 88691, 88694, 88698, 88701, 88719, 88771, 88805, 88845, 88847, 88957, 88962, 89001, 89227, 89288, 89290, 89302, 89404, 89440, 93412, 96296, 96470, 96326, 16413], "label": "box"}, {"objectId": 23, "id": 23, "partId": 23, "index": 20, "dominantNormal": [0, -2.220446049250313e-16, 1], "obb": {"axesLengths": [1.1190842648011672, 0.5604929202684851, 0.592850413223186], "centroid": [-1.5370569902615745, 2.0539014541968417, -1.1848734780801802], "normalizedAxes": [0.8863223791122437, 0.4630686938762665, 1.0282190518490586e-16, 0, -2.220446049250313e-16, 1, 0.4630686938762665, -0.8863223791122437, -1.9680310250619196e-16]}, "segments": [36986, 16272, 63056, 70025, 49564], "label": "stand"}, {"objectId": 24, "id": 24, "partId": 24, "index": 21, "dominantNormal": [0.7382676601409912, -0.6745079159736633, -1.497708437211783e-16], "obb": {"axesLengths": [3.663429171672848, 2.8716898514697715, 0.22652697181522113], "centroid": [-2.1183720703079456, 3.0372139246724394, -0.028135014069043507], "normalizedAxes": [0.6745079159736633, 0.7382676601409912, 1.6392835092493368e-16, 0, -2.220446049250313e-16, 1, 0.7382676601409912, -0.6745079159736633, -1.497708437211783e-16]}, "segments": [71410, 67891, 30515, 38377, 3645, 96980, 4121, 4120, 3629, 79302, 79272, 4563, 37468, 37340, 58524, 4029], "label": "wall"}, {"objectId": 25, "id": 25, "partId": 25, "index": 22, "dominantNormal": [0, -2.220446049250313e-16, 1], "obb": {"axesLengths": [3.656478728833231, 0.4000000268220895, 0.5237778043067367], "centroid": [-2.0921548710699502, 3.0051692134220644, -0.71000000551343], "normalizedAxes": [0.6658235788345337, 0.7461092472076416, 1.656695330271333e-16, 0, -2.220446049250313e-16, 1, 0.7461092472076416, -0.6658235788345337, -1.4784253351208447e-16]}, "segments": [86595, 85199, 58121, 24644, 41898, 46335, 34067, 89855, 4763, 4774, 4858, 34006, 34053, 34099, 34793, 35546, 36101, 39541, 40067, 55554, 57037, 57080, 57088, 57089, 57127, 57128, 58134, 58304, 58385, 59956, 60001, 71920, 79222, 79228, 89542, 89766, 89781, 91660, 91678, 93170, 94201, 24596, 17072, 17095, 4835, 4816, 58188, 37128, 35168, 17834, 90266, 17773, 57364, 41436, 93212, 52925, 93406, 16637, 16596, 16600, 57817, 58443, 43260, 58819, 58786, 91682, 59981, 59834, 59985, 90664, 85122, 36639, 36881, 59808, 90644, 59776, 59819, 59922, 85125, 36846, 90662, 90627, 85181, 3312, 90634, 51635, 85187, 59923, 56444, 56489, 56512, 89410, 57075, 55480, 57117, 89540, 56472, 17866, 56495, 56524, 55559], "label": "windowsill"}, {"objectId": 30, "id": 30, "partId": 30, "index": 24, "dominantNormal": [0.7384143471717834, -0.6743472814559937, -1.49735175693165e-16], "obb": {"axesLengths": [3.59218469091436, 0.612560020106434, 0.33628456880621543], "centroid": [-2.128838585446915, 2.9959302213210037, -1.1562800279346104], "normalizedAxes": [0.6743472814559937, 0.7384143471717834, 1.6396092198873356e-16, 0, -2.220446049250313e-16, 1, 0.7384143471717834, -0.6743472814559937, -1.49735175693165e-16]}, "segments": [37974, 37246, 35360, 85976, 6544, 6248, 91522, 7008, 64958, 94493, 4874, 5816, 442, 5706, 5663, 32751, 32550, 33612, 61073, 32716, 32732, 64347, 92025, 61086, 91064, 58826, 56907, 58842, 58974, 61061, 61080, 61109, 61118, 89990, 56918, 89978, 8513, 85909, 37505, 40864, 85957, 8082, 7954, 6597, 79475, 8626, 8648, 8608, 79542, 8425, 8393, 8401, 8930, 6898, 79661, 79370, 6711, 79358, 9505, 79497, 8653, 8446], "label": "heater"}, {"objectId": 33, "id": 33, "partId": 33, "index": 25, "dominantNormal": [0, -2.220446049250313e-16, 1], "obb": {"axesLengths": [0.4992334296671939, 0.20599996583163818, 0.35139439305974673], "centroid": [-0.5922046958481271, 2.020501160739225, -1.3602099841041122], "normalizedAxes": [0.9345804452896118, -0.3557519316673279, -7.899279711838855e-17, 0, -2.220446049250313e-16, 1, -0.3557519316673279, -0.9345804452896118, -2.075185457449917e-16]}, "segments": [42430, 41620, 41748, 56159, 56775, 56896, 55473, 56893], "label": "box"}, {"objectId": 34, "id": 34, "partId": 34, "index": 26, "dominantNormal": [-0.28809666633605957, -0.9576013088226318, -2.1263020429321418e-16], "obb": {"axesLengths": [0.6850673044441812, 0.8709680243365159, 0.3489646036167375], "centroid": [-0.7530845556556587, 3.991186730491701, -1.0619160127956566], "normalizedAxes": [0.9576013088226318, -0.28809666633605957, -6.397031045680891e-17, 0, -2.220446049250313e-16, 1, -0.28809666633605957, -0.9576013088226318, -2.1263020429321418e-16]}, "segments": [85262, 79231, 626, 503, 90688, 124, 530, 544, 561, 565, 37114, 37150, 37164, 37202, 37212, 37259, 38029, 38343, 38573, 47263, 47348, 47535, 60155, 79142, 85213, 85215, 94272], "label": "item"}, {"objectId": 35, "id": 35, "partId": 35, "index": 27, "dominantNormal": [0, -2.220446049250313e-16, 1], "obb": {"axesLengths": [0.47208554223220434, 0.21881597745084802, 0.33720426507044093], "centroid": [-0.9404705152054752, 3.3137449442637528, -0.659408001391411], "normalizedAxes": [-0.4461158514022827, 0.8949752449989319, 1.9872442469347093e-16, 0, -2.220446049250313e-16, 1, 0.8949752449989319, 0.4461158514022827, 9.905761797541384e-17]}, "segments": [87369, 50182, 39073, 46736, 61846, 85629, 33298, 34533, 34562, 34747, 34753, 39106, 39109, 39123, 39143, 39151, 39154, 46922, 50184, 50197, 50220, 50222, 50244, 61853, 84770, 84773, 85661, 85667, 85687, 85689, 86668, 86715, 86718, 87376, 87380, 91329, 91384, 91387, 34719], "label": "box"}, {"objectId": 36, "id": 36, "partId": 36, "index": 28, "dominantNormal": [0.9850926995277405, -0.17202423512935638, -3.819705332682863e-17], "obb": {"axesLengths": [0.5953482179817405, 0.5516979720063961, 0.4746600253047346], "centroid": [-1.2387302242126441, 3.3909507168590842, -0.483391994981647], "normalizedAxes": [0.17202423512935638, 0.9850926995277405, 2.187345192811697e-16, 0, -2.220446049250313e-16, 1, 0.9850926995277405, -0.17202423512935638, -3.819705332682863e-17]}, "segments": [47143, 25727, 46487, 86662, 86711, 86650, 86786, 86687, 59321, 17794, 34519, 34597, 34600, 46391, 46471, 46636, 46687, 46747, 46883, 59167, 59173, 86671, 86676, 86679, 86701, 90174, 90228, 90249, 46548, 34572, 34681, 46123, 46141, 46148, 46150, 46397, 46547, 46596, 46609, 57709, 59170, 59289, 84758, 86566, 89705, 90189, 46126, 46176, 86606, 34626, 34630, 35173, 35179, 35198, 35199, 35216, 46191, 46243, 46755, 46768, 57751, 59734, 59753, 59999, 60004, 86567, 86622, 86625, 90206, 90235, 90524, 35210, 34680, 34695, 34703, 86796], "label": "fan"}, {"objectId": 37, "id": 37, "partId": 37, "index": 29, "dominantNormal": [-0.6819776892662048, -0.7313729524612427, -1.6239741828211033e-16], "obb": {"axesLengths": [0.6597512354038862, 0.408900013367086, 0.18626567070420483], "centroid": [-0.9039031733645032, 2.042116955649691, -0.3944500130910429], "normalizedAxes": [0.7313729524612427, -0.6819776892662048, -1.5142946658080022e-16, 0, -2.220446049250313e-16, 1, -0.6819776892662048, -0.7313729524612427, -1.6239741828211033e-16]}, "segments": [21755, 50003, 27483, 27528, 21707, 32071, 32053, 32047, 51602, 51544, 50061, 50099, 87941, 51630, 50107, 87995], "label": "monitor"}, {"objectId": 38, "id": 38, "partId": 38, "index": 30, "dominantNormal": [0.8258547782897949, 0.5638828277587891, 1.252071397137098e-16], "obb": {"axesLengths": [0.5486404762532169, 0.4287609660157343, 0.18043128278981468], "centroid": [-1.1667584497625654, 2.5688440250777704, -0.4356194916601597], "normalizedAxes": [-0.5638828277587891, 0.8258547782897949, 1.8337659797080684e-16, 0, -2.220446049250313e-16, 1, 0.8258547782897949, 0.5638828277587891, 1.252071397137098e-16]}, "segments": [48976, 26098, 25639, 25643, 26040, 26041, 26047, 26061, 48969, 82551, 86817, 86871, 49025, 47460, 47419, 49177, 49122, 47402, 47417, 49113, 49115, 49150, 49160, 50696, 72350, 72355, 86892, 86896, 87262, 48374, 86899], "label": "monitor"}, {"objectId": 39, "id": 39, "partId": 39, "index": 31, "dominantNormal": [0, -2.220446049250313e-16, 1], "obb": {"axesLengths": [0.3112679021714725, 0.15460699451103066, 0.2054227862222658], "centroid": [-1.1863015196806073, 1.8007237591234877, -0.5881204902055754], "normalizedAxes": [0.7524802684783936, -0.6586148142814636, -1.4624186623490046e-16, 0, -2.220446049250313e-16, 1, -0.6586148142814636, -0.7524802684783936, -1.6708418392816639e-16]}, "segments": [52129, 87335, 50168, 91300], "label": "laptop"}, {"objectId": 40, "id": 40, "partId": 40, "index": 32, "dominantNormal": [0, -2.220446049250313e-16, 1], "obb": {"axesLengths": [0.5010679915989205, 0.1812780160916294, 0.2616033201983893], "centroid": [-0.6388013111646789, 1.6091578484727938, -0.4412640215919017], "normalizedAxes": [0.7845166325569153, -0.6201077699661255, -1.3769158479307053e-16, 0, -2.220446049250313e-16, 1, -0.6201077699661255, -0.7845166325569153, -1.741976857332162e-16]}, "segments": [27686, 21720, 85331, 81692, 84622, 84617, 34337, 84576, 34322, 34239, 21884], "label": "telephone"}, {"objectId": 41, "id": 41, "partId": 41, "index": 33, "dominantNormal": [0.8595391511917114, -0.5110698938369751, -1.1348031266610883e-16], "obb": {"axesLengths": [0.45961748441453065, 0.4649659738324735, 0.1586465777808105], "centroid": [-0.4393101068483442, 1.2657498457089305, -0.47751698879487137], "normalizedAxes": [0.5110698938369751, 0.8595391511917114, 1.9085603124396032e-16, 0, -2.220446049250313e-16, 1, 0.8595391511917114, -0.5110698938369751, -1.1348031266610883e-16]}, "segments": [36513, 32558, 34242, 34348, 34363, 34394, 84304, 84307, 84579, 84677, 84737, 84748, 84753, 84756, 84944, 36512, 32455, 32513, 82825, 84986, 85053, 26994, 32107, 32111, 36482, 36486, 36496, 85024, 85026, 85047, 85085, 36474], "label": "monitor"}, {"objectId": 42, "id": 42, "partId": 42, "index": 34, "dominantNormal": [0, -2.220446049250313e-16, 1], "obb": {"axesLengths": [1.1062625195463507, 0.511066008111849, 0.6950726402009354], "centroid": [-1.1256540003324182, 1.0174894354824737, -1.2144670047357604], "normalizedAxes": [0.7476558089256287, 0.6640864014625549, 1.4745680264883874e-16, 0, -2.220446049250313e-16, 1, 0.6640864014625549, -0.7476558089256287, -1.6601293871279591e-16]}, "segments": [39328, 39471, 80044, 85002, 795, 828, 848, 873, 881, 2199, 10069, 10171, 10287, 12874, 12910, 12929, 36419, 39390, 39396, 39412, 39464, 39467, 39474, 39491, 