{"segGroups": [{"objectId": 16, "id": 16, "partId": 16, "index": 0, "dominantNormal": [0.7201758027076721, -0.6937916278839111, -1.5405268791377738e-16], "obb": {"axesLengths": [0.6679031891314188, 0.8073299942762402, 0.7462208118082234], "centroid": [-1.967772133431998, -1.3660039503493455, -1.0536650165096306], "normalizedAxes": [0.7201758027076721, -0.6937916278839111, -1.5405268791377738e-16, 0, -2.220446049250313e-16, 1, -0.6937916278839111, -0.7201758027076721, -1.5991115158879235e-16]}, "segments": [4758, 4810, 4856, 4881, 4914, 4946, 5016, 5019, 5049, 5057, 5116, 5156, 5158, 5161, 5173, 5197, 5271, 5312, 5327, 5333, 5355, 5378, 5385, 5388, 5389, 5397, 5455, 5512, 5524, 5552, 5597, 6035, 6042, 6096, 8463, 16339, 16388, 16615, 16647, 16679, 16688, 16713, 16825, 16842, 16946, 16992, 17002, 17515, 21434, 21628, 21748, 22184, 30410, 30440, 30443, 31129, 31558, 31893, 32384, 32620, 32677, 32701, 32715, 48258, 48351, 48769, 49116, 49255, 50487, 51277, 51594, 67469, 67518, 67532, 67586, 67589, 67591, 67602, 67609, 67612, 67624, 67628, 68578, 68580, 68582, 68588, 68611, 68614, 68619, 68647, 68650, 68655, 68748, 68751, 68853, 69042, 69089, 69094, 69104, 69878, 70118, 70136, 70172, 70215, 71353], "label": "toilet"}, {"objectId": 15, "id": 15, "partId": 15, "index": 1, "dominantNormal": [0.9514017105102539, 0.30795252323150635, 6.837919635660635e-17], "obb": {"axesLengths": [1.035201138798176, 1.2000000208616246, 0.5835353117327683], "centroid": [-2.251589072473942, -1.413424323399521, -0.7300000604987145], "normalizedAxes": [-0.30795252323150635, 0.9514017105102539, 2.1125361693524834e-16, 0, -2.220446049250313e-16, 1, 0.9514017105102539, 0.30795252323150635, 6.837919635660635e-17]}, "segments": [4928, 4957, 4994, 14684, 15330, 15378, 15380, 15394, 16173, 16329, 17629, 17635, 17653, 17768, 17814, 17838, 17892, 18004, 18033, 18081, 18170, 18186, 18218, 31077, 32750, 67617, 70352, 70627, 70653, 70971, 70977, 70979, 71237, 74606], "label": "wall"}, {"objectId": 1, "id": 1, "partId": 1, "index": 2, "dominantNormal": [0, -2.220446049250313e-16, 1], "obb": {"axesLengths": [7.436342217501045, 0.6999999128282076, 4.052852698998131], "centroid": [-1.5844247801357836, 1.981707816656678, -1.3200000210851441], "normalizedAxes": [-0.061884500086307526, 0.9980832934379578, 2.2161901057370542e-16, 0, -2.220446049250313e-16, 1, 0.9980832934379578, 0.061884500086307526, 1.374111937264722e-17]}, "segments": [6117, 6151, 6167, 6173, 6184, 6703, 8055, 8614, 8976, 9012, 9236, 9405, 9483, 9538, 9649, 9739, 9785, 9891, 9913, 9961, 10605, 10875, 11316, 11318, 11326, 11327, 11365, 11380, 13206, 13537, 19285, 19305, 19308, 24399, 24416, 24635, 27016, 27018, 27034, 27060, 31049, 31204, 31527, 32518, 33295, 34992, 35460, 35482, 38720, 39840, 39879, 40868, 41058, 42231, 42748, 42834, 43498, 43590, 43756, 43789, 43792, 43796, 44443, 44449, 44466, 44881, 44901, 44934, 44953, 44955, 44956, 44957, 44958, 44975, 44976, 45010, 45016, 45023, 45068, 45069, 45082, 45085, 45096, 45103, 45107, 45135, 45138, 45139, 45167, 45169, 45197, 45226, 45230, 45255, 45265, 45282, 45301, 45304, 45314, 45317, 45328, 45329, 45336, 45402, 45722, 45852, 46178, 46353, 46504, 47304, 47581, 47657, 47677, 47972, 47997, 48007, 48084, 48514, 48826, 49263, 49338, 51579, 51586, 51588, 51592, 51607, 53970, 53979, 54003, 54054, 54058, 54065, 54079, 54120, 54132, 56715, 56793, 56827, 56886, 57482, 59664, 59703, 59728, 60334, 60350, 60403, 65156, 66834, 69138, 69276, 69390, 69406, 69438, 69920, 73812, 76382, 76769, 76910, 77525, 78266, 78273, 78279, 78281, 78288, 78304, 78308, 78391, 79179, 80993, 80997, 81004, 81008, 81026, 82117, 82133, 82229, 82232, 82840, 83684, 84522, 84945, 85302, 67132], "label": "floor"}, {"objectId": 4, "id": 4, "partId": 4, "index": 3, "dominantNormal": [0.9953300952911377, 0.0965297594666481, 2.143391230428018e-17], "obb": {"axesLengths": [0.7927599784280306, 2.6479800347690263, 0.42746505557240694], "centroid": [-3.525752535552903, 4.146711900492589, -0.1260100556311763], "normalizedAxes": [-0.0965297594666481, 0.9953300952911377, 2.2100767777891443e-16, 0, -2.220446049250313e-16, 1, 0.9953300952911377, 0.0965297594666481, 2.143391230428018e-17]}, "segments": [6305, 6514, 6522, 6524, 6552, 6575, 6586, 6623, 7064, 7122, 7130, 7152, 7615, 7751, 7858, 7862, 19018, 19022, 19522, 35110, 35838, 35859, 37495, 38530, 38533, 54571, 54594, 54604, 54606, 54621, 54657, 54692, 54721, 54759, 55277, 55468, 55619, 56078, 56161, 59193, 60009, 60165, 61181, 62933, 62935, 63933, 64036, 64094, 64691, 64729, 64730, 66303, 66317, 66401, 66752, 67399, 67423, 67424, 67428, 67429, 67704, 69461, 69667, 69677, 69845, 78315, 78321, 78325, 81284, 81288, 81296, 81297, 81308, 81310, 81938, 81965, 83138, 87488, 87492, 60195, 38548], "label": "wall"}, {"objectId": 46, "id": 46, "partId": 46, "index": 4, "dominantNormal": [0.935481607913971, 0.3533753752708435, 7.846509559224912e-17], "obb": {"axesLengths": [0.6298819997295673, 0.8080529986012054, 0.49998159995463476], "centroid": [-3.2624909925773355, 4.186393965637857, -1.3259735388463703], "normalizedAxes": [-0.3533753752708435, 0.935481607913971, 2.0771864404389072e-16, 0, -2.220446049250313e-16, 1, 0.935481607913971, 0.3533753752708435, 7.846509559224912e-17]}, "segments": [6319, 6976, 6984, 7046, 7184, 7254, 7275, 7279, 7437, 7475, 7554, 7632, 7801, 7819, 8178, 8184, 36444, 36492, 36648, 63014, 63977, 64833, 69644, 69651, 69661, 69700, 69717, 69722, 69775, 69816, 6301], "label": "nightstand"}, {"objectId": 3, "id": 3, "partId": 3, "index": 5, "dominantNormal": [-0.1051497831940651, -0.99445641040802, -2.208136807642136e-16], "obb": {"axesLengths": [1.005155035160731, 0.8037270127893903, 0.7833469889200438], "centroid": [-3.040861333211745, 4.963235962339468, -1.071646545343552], "normalizedAxes": [0.99445641040802, -0.1051497757434845, -2.3347940412917655e-17, 0, -2.220446049250313e-16, 1, -0.1051497757434845, -0.99445641040802, -2.208136807642136e-16]}, "segments": [8899, 9245, 30307, 30313, 30331, 30363, 30383, 30405, 30428, 30451, 30463, 30769, 30827, 31802, 36203, 36210, 44503, 50068, 50075, 50095, 54212, 55625, 55638, 57818, 64512, 64540, 67971, 79814, 81152, 81160, 81164, 82867], "label": "armchair"}, {"objectId": 8, "id": 8, "partId": 8, "index": 6, "dominantNormal": [0.9903233647346497, 0.1387791931629181, 3.0815171117674754e-17], "obb": {"axesLengths": [1.010032113584713, 2.402934974366389, 0.297969131498692], "centroid": [-1.3207629422423968, 1.0620845474409844, -0.2315725613779016], "normalizedAxes": [-0.1387791931629181, 0.9903233647346497, 2.1989596027053297e-16, 0, -2.220446049250313e-16, 1, 0.9903233647346497, 0.1387791931629181, 3.0815171117674754e-17]}, "segments": [10354, 32800, 34378, 42598, 51463, 52128, 62932, 62951, 62984, 63268, 64716, 75539, 77820, 77849, 83977, 10413, 44734], "label": "wall"}, {"objectId": 50, "id": 50, "partId": 50, "index": 7, "dominantNormal": [0, -2.220446049250313e-16, 1], "obb": {"axesLengths": [0.579136171585727, 0.2722549973669275, 0.5461154712348844], "centroid": [-3.5198563521303146, 5.153572554272386, 0.0938724426059605], "normalizedAxes": [-0.22299298644065857, 0.974820077419281, 2.1645353896355268e-16, 0, -2.220446049250313e-16, 1, 0.974820077419281, 0.22299298644065857, 4.9514389575268895e-17]}, "segments": [11818, 11857, 11886, 25709, 59169, 63726, 70278, 70301, 83258, 3782], "label": "lamp"}, {"objectId": 18, "id": 18, "partId": 18, "index": 8, "dominantNormal": [0.9550453424453735, 0.29645979404449463, 6.582729784476596e-17], "obb": {"axesLengths": [1.0070947151113496, 2.2307599880376445, 0.5488612525825127], "centroid": [-0.5788416166769603, -1.099994260971179, -0.32538004796102715], "normalizedAxes": [-0.29645979404449463, 0.9550453424453735, 2.120626657487742e-16, 0, -2.220446049250313e-16, 1, 0.9550453424453735, 0.29645979404449463, 6.582729784476596e-17]}, "segments": [12810, 12839, 12856, 13014, 13068, 13072, 13076, 13088, 13095, 13733, 13754, 13767, 13796, 13810, 13859, 13876, 13890, 13897, 13912, 13988, 13990, 14572, 23973, 24004, 24103, 24195, 25370, 25427, 26973, 26975, 41215, 41274, 41298, 41355, 41389, 41394, 41413, 41420, 41453, 41489, 41858, 42022, 42044, 62389, 62419, 62446, 62451, 62515, 70662, 70729, 70732, 70734, 73295, 73378, 73749, 73871, 73906, 73921, 73922, 73925, 74267, 74290, 74867, 76967, 76997, 77001, 77115, 77141, 77198, 77217, 77369, 77468, 77472, 77492, 77519, 77596, 77607, 85728, 85749, 85752, 85754, 85756, 85795, 4336, 77301, 12821], "label": "wall"}, {"objectId": 72, "id": 72, "partId": 72, "index": 9, "dominantNormal": [0, -2.220446049250313e-16, 1], "obb": {"axesLengths": [1.8260210284630294, 0.36000000625848755, 1.0226968398667218], "centroid": [-2.12362378386, 0.889560917100936, -1.390000071972608], "normalizedAxes": [0.9556035995483398, 0.29465535283088684, 6.542663140837997e-17, 0, -2.220446049250313e-16, 1, 0.29465535283088684, -0.9556035995483398, -2.1218662372664895e-16]}, "segments": [14535, 16572, 16589, 18362, 18394, 40491, 40630, 40695, 40769, 40771, 40812, 40883, 40906, 40918, 40932, 40934, 40982, 41256, 41424, 42673, 62171, 66976, 71690, 75072, 75187, 75259, 75264, 40435, 39529, 49820, 40820], "label": "shower floor"}, {"objectId": 12, "id": 12, "partId": 12, "index": 10, "dominantNormal": [0.9798294305801392, 0.19983576238155365, 4.4372452907904514e-17], "obb": {"axesLengths": [2.0931043083998064, 2.4029830157090037, 0.7285277429328944], "centroid": [-2.954037185701621, 0.12239213893242873, -0.24850856516118736], "normalizedAxes": [-0.19983574748039246, 0.9798294305801392, 2.175658388070854e-16, 0, -2.220446049250313e-16, 1, 0.9798294305801392, 0.19983574748039246, 4.4372449599182064e-17]}, "segments": [15007, 15531, 15568, 15599, 15609, 15896, 15969, 16533, 17067, 17112, 17141, 18280, 18292, 19167, 19203, 19451, 20904, 21105, 21255, 21363, 21436, 21457, 21467, 21469, 21477, 21709, 21756, 22333, 22519, 23669, 23673, 23703, 24645, 25173, 25227, 25331, 25377, 25409, 25562, 25573, 25590, 25597, 25680, 25742, 25832, 25839, 26060, 26081, 26292, 26464, 26599, 26828, 26876, 26889, 27409, 27675, 27771, 27780, 27830, 27894, 27960, 28132, 28263, 28342, 28493, 28530, 28538, 28573, 28653, 28664, 28673, 28704, 28820, 29491, 29692, 29729, 29807, 30048, 30062, 30091, 30136, 30616, 30617, 30632, 30662, 30724, 30733, 30792, 30803, 30862, 30876, 30898, 31061, 31123, 31172, 31280, 31301, 31341, 31477, 31566, 31605, 31615, 31625, 31651, 31699, 31881, 31896, 31897, 31931, 31959, 32059, 32062, 32128, 32143, 32205, 32285, 32322, 32425, 32534, 32737, 32915, 32990, 33245, 33247, 33427, 36003, 39423, 39435, 39437, 39441, 39515, 59299, 59302, 59316, 59319, 59331, 59336, 59346, 59352, 59390, 70901, 70974, 71003, 71033, 71102, 71121, 71593, 71612, 71615, 71640, 71839, 71936, 72032, 72348, 72427, 72428, 72530, 72535, 72538, 72552, 72555, 72558, 72563, 72568, 72582, 72601, 72657, 72693, 72694, 72701, 72713, 72725, 72732, 72734, 72737, 72740, 72745, 72908, 73060, 73093, 73095, 73104, 73108, 73111, 73115, 73122, 73136, 73138, 73139, 73222, 73383, 73437, 73441, 73525, 73626, 73632, 73640, 75967, 75973, 75978, 75981, 76089, 76269, 76297, 76839, 76893, 83267, 83286, 83288, 83326, 83328, 15813, 29226, 29153, 74970, 15905, 15978, 76113, 29068, 29647, 15847, 76126, 72292, 29318, 29451, 29608, 73292, 29173, 15517, 29029], "label": "wall"}, {"objectId": 11, "id": 11, "partId": 11, "index": 11, "dominantNormal": [0.18117915093898773, -0.9834501147270203, -2.1836979218803793e-16], "obb": {"axesLengths": [1.7112225127220182, 2.3717769450297137, 0.3801526655334105], "centroid": [-2.262219011951948, 1.1839369841787415, -0.20340152934041322], "normalizedAxes": [0.9834501147270203, 0.18117915093898773, 4.0229852990900146e-17, 0, -2.220446049250313e-16, 1, 0.18117915093898773, -0.9834501147270203, -2.1836979218803793e-16]}, "segments": [15165, 15326, 23591, 28470, 42355, 42570, 50301, 64863, 65612, 66644, 76285, 77785, 79859, 79864, 83654], "label": "wall"}, {"objectId": 13, "id": 13, "partId": 13, "index": 12, "dominantNormal": [0.9880357384681702, 0.15422509610652924, 3.424485053449927e-17], "obb": {"axesLengths": [1.3657288957734057, 0.6043029590479364, 0.4479055519253988], "centroid": [-2.8034118956818865, -0.19312136184983641, -0.6177645317964746], "normalizedAxes": [-0.15422509610652924, 0.9880357384681702, 2.193880051999764e-16, 0, -2.220446049250313e-16, 1, 0.9880357384681702, 0.15422509610652924, 3.424485053449927e-17]}, "segments": [19032, 19042, 19297, 19351, 19526, 19549, 19726, 19804, 19812, 20409, 20436, 20437, 20468, 20569, 20686, 20722, 20732, 20750, 20758, 20782, 20801, 22266, 22304, 22400, 22447, 22479, 22494, 22533, 22535, 22581, 22592, 22595, 22668, 22718, 22733, 22742, 22747, 22809, 22869, 22882, 23104, 23179, 23201, 23255, 23268, 23315, 23377, 23419, 23857, 23883, 23953, 24015, 24037, 24077, 24234, 24667, 24670, 24696, 24713, 24727, 24736, 24803, 24927, 24967, 27797, 27798, 27947, 70788, 70790, 70797, 70799, 70806, 70808, 70812, 70817, 70822, 70827, 71009, 71100, 71145, 71173, 71189, 71365, 71438, 71440, 71443, 71446, 71486, 71534, 71555, 71695, 71734, 71742, 72068, 72368, 26577, 72486, 29644, 24749, 71561, 29435, 26612, 22526, 24944], "label": "shelf"}, {"objectId": 38, "id": 38, "partId": 38, "index": 13, "dominantNormal": [0.9936221241950989, 0.11276095360517502, 2.5037961394230872e-17], "obb": {"axesLengths": [0.2605969519929943, 0.4099500087659802, 0.21872456834441084], "centroid": [-2.8646961554975303, 1.530815450735549, -0.9549750453611838], "normalizedAxes": [-0.11276096105575562, 0.9936221241950989, 2.2062843201167112e-16, 0, -2.220446049250313e-16, 1, 0.9936221241950989, 0.11276096105575562, 2.5037963048592097e-17]}, "segments": [19491, 77945, 22197], "label": "brochure"}, {"objectId": 42, "id": 42, "partId": 42, "index": 14, "dominantNormal": [0, -2.220446049250313e-16, 1], "obb": {"axesLengths": [0.8582952756804648, 0.35498797100064206, 0.5787061372677846], "centroid": [-2.944514042683536, 3.4492497425808946, -0.6926210349212369], "normalizedAxes": [-0.3343644440174103, 0.94244384765625, 2.0926457181685842e-16, 0, -2.220446049250313e-16, 1, 0.94244384765625, 0.3343644440174103, 7.424382087282361e-17]}, "segments": [19882, 21140, 21830, 24444, 27112, 52051, 61480, 22505, 22486, 85550, 24487, 74139], "label": "pillow"}, {"objectId": 19, "id": 19, "partId": 19, "index": 15, "dominantNormal": [0, -2.220446049250313e-16, 1], "obb": {"axesLengths": [0.7806575301643607, 0.5200000289082517, 0.569847433117826], "centroid": [-0.6676335723751008, -1.1912964397457877, -1.1900000585615635], "normalizedAxes": [0.8822795152664185, 0.4707258343696594, 1.0452213192061675e-16, 0, -2.220446049250313e-16, 1, 0.4707258343696594, -0.8822795152664185, -1.9590540640078001e-16]}, "segments": [20281, 21252, 21358, 21495, 21526, 24884, 24922, 25171, 25198, 25248, 25473, 25541, 25567, 25737, 27451, 27485, 27486, 27492, 27528, 72436, 72442, 73716, 73740, 73769, 73781, 73951, 73960, 74236, 74250, 74278, 74283, 74287], "label": "toilet"}, {"objectId": 43, "id": 43, "partId": 43, "index": 17, "dominantNormal": [0.9801428914070129, 0.19829246401786804, 4.4029771832458496e-17], "obb": {"axesLengths": [0.753565110209712, 0.4054360299087459, 0.25635118452055594], "centroid": [-3.2176384741576394, 3.377934309182227, -0.6527180507171604], "normalizedAxes": [-0.19829246401786804, 0.9801428914070129, 2.1763544109254805e-16, 0, -2.220446049250313e-16, 1, 0.9801428914070129, 0.19829246401786804, 4.4029771832458496e-17]}, "segments": [33548, 55122, 55146, 33593, 52138], "label": "pillow"}, {"objectId": 65, "id": 65, "partId": 65, "index": 18, "dominantNormal": [0, -2.220446049250313e-16, 1], "obb": {"axesLengths": [0.5856265738003276, 0.24418997218780283, 0.26237850863029816], "centroid": [-2.627913592740676, -0.554464644634475, -1.272094994289541], "normalizedAxes": [0.8379082679748535, 0.545811116695404, 1.2119441377032115e-16, 0, -2.220446049250313e-16, 1, 0.545811116695404, -0.8379082679748535, -1.860530103258936e-16]}, "segments": [21919, 47331, 47340, 47353, 47371, 47774, 47905, 76740, 76973], "label": "towel"}, {"objectId": 29, "id": 29, "partId": 29, "index": 19, "dominantNormal": [0.9899030923843384, 0.14174571633338928, 3.147387158306298e-17], "obb": {"axesLengths": [0.520883366196516, 0.6585360022216435, 0.15654876908471907], "centroid": [-2.3634870321871366, 0.10966607266903461, -1.0517820164162972], "normalizedAxes": [-0.14174571633338928, 0.9899030923843384, 2.1980264106254718e-16, 0, -2.220446049250313e-16, 1, 0.9899030923843384, 0.14174571633338928, 3.147387158306298e-17]}, "segments": [23427, 23652, 27024, 27100, 39162, 76347, 76569], "label": "towel"}, {"objectId": 85, "id": 85, "partId": 85, "index": 20, "dominantNormal": [-0.14784672856330872, -0.9890102744102478, -2.1960439564822027e-16], "obb": {"axesLengths": [1.7235440524779684, 1.7077999925360077, 0.7664924401329692], "centroid": [-2.0972595175785873, 5.87838550470292, 0.34389995946213503], "normalizedAxes": [0.9890102744102478, -0.14784672856330872, -3.2828568433298225e-17, 0, -2.220446049250313e-16, 1, -0.14784672856330872, -0.9890102744102478, -2.1960439564822027e-16]}, "segments": [40483, 14835, 17328, 15216, 17344, 34869, 27232, 1405, 1414, 1559, 1563, 1569, 1585, 1590, 1591, 1600, 1604, 2350, 2426, 14154, 14183, 14211, 14838, 14861, 15238, 16085, 17253, 17270, 17284, 17350, 17391, 17423, 17451, 17453, 18427, 18442, 18482, 18501, 18526, 18754, 18764, 18768, 18777, 18881, 18920, 19150, 19678, 19773, 19947, 20007, 20133, 27220, 34836, 35876, 35907, 35915, 38129, 38813, 38884, 39148, 39178, 39193, 39199, 39201, 39203, 39220, 39227, 39231, 39271, 39285, 39302, 39558, 39578, 39632, 39698, 39771, 40438, 55224, 55237, 55242, 55249, 55253, 55262, 55276, 55284, 55286, 57238, 67714, 67719, 71637, 71802, 71806, 71809, 71886, 71903, 71992, 72011, 72018, 74183, 75825, 75836, 75841, 75842, 75846, 75848, 75860, 75863, 75866, 75875, 75879, 75882, 75892, 75929, 75932, 75933, 75941, 76303, 76309, 76344, 76391, 76536, 76714, 76723, 76726, 81493, 81511, 81514, 81516, 82538, 82541, 88322, 88329, 42891, 18582, 19221, 21783, 65895, 88714, 19647, 19782, 40047, 40085, 88717, 88786, 39237, 57257, 74173, 71634, 16804, 75241, 34799, 37821, 37900, 37863, 1575, 2330, 3521, 3624, 3657, 3659, 14284, 14310, 14331, 14389, 16050, 16054, 16061, 16095, 33952, 33975, 34787, 37777, 37820, 37832, 37881, 37895, 38131, 71208, 71549, 71889, 75233, 75546, 75547, 75549, 75551, 75613, 75853, 75859], "label": "window"}, {"objectId": 86, "id": 86, "partId": 86, "index": 21, "dominantNormal": [0.990851640701294, 0.1349555104970932, 2.9966143010782975e-17], "obb": {"axesLengths": [0.7105698599228577, 0.4026110082281152, 0.371548032680254], "centroid": [-3.1239656354213325, 3.3784908516428485, -0.6686945389502987], "normalizedAxes": [-0.1349555253982544, 0.990851640701294, 2.2001326109883789e-16, 0, -2.220446049250313e-16, 1, 0.990851640701294, 0.1349555253982544, 2.9966146319505426e-17]}, "segments": [21042, 20216, 55177, 73408, 24465], "label": "pillow"}, {"objectId": 87, "id": 87, "partId": 87, "index": 22, "dominantNormal": [0, -2.220446049250313e-16, 1], "obb": {"axesLengths": [0.931410240178855, 0.2602489532474661, 0.632338549881537], "centroid": [-1.5571826432181706, 2.848941282902483, -0.6998755458770212], "normalizedAxes": [-0.3850809633731842, 0.9228827953338623, 2.0492114568201598e-16, 0, -2.220446049250313e-16, 1, 0.9228827953338623, 0.3850809633731842, 8.550515037634914e-17]}, "segments": [33795, 32465, 50936, 80537, 33622, 50941, 80496, 80572, 35229, 79883, 37072, 80866, 37094, 33626, 50768, 80585, 51025, 53878, 80980], "label": "bag"}, {"objectId": 84, "id": 84, "partId": 84, "index": 23, "dominantNormal": [0, -2.220446049250313e-16, 1], "obb": {"axesLengths": [0.6304274128738724, 0.26395499116282917, 0.5133219383771246], "centroid": [-1.5800000854196223, 3.8289535345733805, -0.8509415179280612], "normalizedAxes": [0.9135010838508606, 0.40683630108833313, 9.033580574432001e-17, 0, -2.220446049250313e-16, 1, 0.40683630108833313, -0.9135010838508606, -2.0283798726225224e-16]}, "segments": [26527, 28099, 35798], "label": "clothes"}, {"objectId": 91, "id": 91, "partId": 91, "index": 26, "dominantNormal": [0, -2.220446049250313e-16, 1], "obb": {"axesLengths": [0.28633323412254885, 0.11072993031002731, 0.2149568989907127], "centroid": [0.10686106028524511, 2.1814973416997496, -1.368335035778545], "normalizedAxes": [0.43057724833488464, 0.9025537371635437, 2.004071879920896e-16, 0, -2.220446049250313e-16, 1, 0.9025537371635437, -0.43057724833488464, -9.560735499622656e-17]}, "segments": [11189, 11178], "label": "shoes"}, {"objectId": 34, "id": 34, "partId": 34, "index": 27, "dominantNormal": [0.8802241683006287, 0.4745580852031708, 1.053730625429174e-16], "obb": {"axesLengths": [0.46953097757290413, 0.5012599713818733, 0.2624366931881466], "centroid": [0.023435999635127214, 2.8244881057279985, -1.2006300102778533], "normalizedAxes": [-0.4745580852031708, 0.8802241683006287, 1.9544902769577736e-16, 0, -2.220446049250313e-16, 1, 0.8802241683006287, 0.4745580852031708, 1.053730625429174e-16]}, "segments": [40129, 38302, 34332, 38321, 41829, 34611, 41822, 76683, 38675, 38719, 40147], "label": "backpack"}, {"objectId": 60, "id": 60, "partId": 60, "index": 28, "dominantNormal": [0, -2.220446049250313e-16, 1], "obb": {"axesLengths": [1.617811724774248, 0.2492700759484598, 0.33107762649350114], "centroid": [0.17894954802852747, 3.1347808718353547, -1.3264050168602548], "normalizedAxes": [-0.05459735170006752, 0.9985084533691406, 2.2171341504265488e-16, 0, -2.220446049250313e-16, 1, 0.9985084533691406, 0.05459735170006752, 1.2123047388194479e-17]}, "segments": [47317, 47120, 80181, 78758, 78730, 57399, 78738, 82553, 46973, 47083, 32651, 32696, 46979, 47020, 47022, 47028, 47042, 47046, 47048, 47060, 47073, 47079, 47108, 47127, 47141, 47144, 47155, 47157, 47218, 47221, 47234, 47255, 47257, 47310, 52542, 57374, 57386, 57388, 57413, 78714, 78725, 78733, 78745, 78750, 78761, 78766, 78777, 78800, 78803, 78804, 78815, 80157, 82545, 82561, 40155], "label": "wall"}, {"objectId": 81, "id": 81, "partId": 81, "index": 29, "dominantNormal": [0, -2.220446049250313e-16, 1], "obb": {"axesLengths": [0.3381572322673561, 0.3058530023875905, 0.35658195486508737], "centroid": [-0.9331840335347724, 1.1246297441459214, -0.7421935612218046], "normalizedAxes": [0.9470383524894714, -0.3211204707622528, -7.130306806374449e-17, 0, -2.220446049250313e-16, 1, -0.3211204707622528, -0.9470383524894714, -2.1028475682737723e-16]}, "segments": [52531, 52307, 80098, 86640], "label": "clothes"}, {"objectId": 92, "id": 92, "partId": 92, "index": 30, "dominantNormal": [0.9836795926094055, 0.17992912232875824, 3.995229088199675e-17], "obb": {"axesLengths": [1.9016265728462867, 1.1883199247348317, 0.1978227080683449], "centroid": [-3.2957273874011963, 2.9589468331337794, -0.7609700222841659], "normalizedAxes": [-0.17992912232875824, 0.9836795926094055, 2.184207465137712e-16, 0, -2.220446049250313e-16, 1, 0.9836795926094055, 0.17992912232875824, 3.995229088199675e-17]}, "segments": [21621, 57224, 62582], "label": "wall"}, {"objectId": 93, "id": 93, "partId": 93, "index": 31, "dominantNormal": [0, -2.220446049250313e-16, 1], "obb": {"axesLengths": [3.247841844095752, 0.14925002718157998, 2.0982178047977316], "centroid": [-0.9145040381903676, -0.0149565811389194, 0.944624941171146], "normalizedAxes": [-0.40277549624443054, 0.9152988195419312, 2.0323716477353563e-16, 0, -2.220446049250313e-16, 1, 0.9152988195419312, 0.40277549624443054, 8.943412593707801e-17]}, "segments": [60984, 60907, 56751, 56704, 56058, 56133, 56335, 56302, 53561, 56264, 56475, 79455, 79459, 79461, 79465, 79439, 79437, 56433, 79453, 71319, 4664, 6447, 5588, 4192, 6523, 67938, 4825, 6488, 6492, 6515, 6592, 6868, 6896, 6917, 6947, 7140, 7174, 7191, 34546, 56098, 56427, 79345], "label": "ceiling"}, {"objectId": 95, "id": 95, "partId": 95, "index": 32, "dominantNormal": [0.23567120730876923, -0.9718328714370728, -2.1579024599140356e-16], "obb": {"axesLengths": [0.4092099134614437, 0.21760999670006317, 0.16949263846641394], "centroid": [-2.0722797075173434, -0.7371555523713775, -1.3588050281523545], "normalizedAxes": [0.9718328714370728, 0.23567119240760803, 5.2329516810358363e-17, 0, -2.220446049250313e-16, 1, 0.23567119240760803, -0.9718328714370728, -2.1579024599140356e-16]}, "segments": [4671, 5962, 6001, 5943, 69040], "label": "trash can"}, {"objectId": 96, "id": 96, "partId": 96, "index": 33, "dominantNormal": [0, -2.220446049250313e-16, 1], "obb": {"axesLengths": [0.5763347390018124, 0.37457703706822426, 0.46755530845845006], "centroid": [-2.214005880505833, 4.6495443678664845, -1.0158515326860962], "normalizedAxes": [-0.17449074983596802, 0.9846588373184204, 2.1863818251830933e-16, 0, -2.220446049250313e-16, 1, 0.9846588373184204, 0.17449074983596802, 3.874472961039999e-17]}, "segments": [40808, 33162, 30137, 30171, 40824, 40870, 41042, 74922, 74942, 78098, 42322, 76799], "label": "coffee table"}, {"objectId": 41, "id": 41, "partId": 41, "index": 34, "dominantNormal": [0, -2.220446049250313e-16, 1], "obb": {"axesLengths": [0.9142276536996057, 0.25999998465180435, 0.5481622961642881], "centroid": [-2.96995476826603, 2.5999412002422653, -0.7400000507384541], "normalizedAxes": [-0.03024887666106224, 0.9995424151420593, 2.219430006760302e-16, 0, -2.220446049250313e-16, 1, 0.9995424151420593, 0.03024887666106224, 6.716599867631565e-18]}, "segments": [24760, 27645, 73828, 73850, 74962, 88028, 88208], "label": "pillow"}, {"objectId": 67, "id": 67, "partId": 67, "index": 35, "dominantNormal": [0.8442050218582153, 0.5360204577445984, 1.1902045077163379e-16], "obb": {"axesLengths": [0.6487966951191133, 0.6328999854721128, 0.43798355812942824], "centroid": [-2.5112417362132318, 0.1714413306717728, -1.0664500337142502], "normalizedAxes": [-0.5360204577445984, 0.8442050218582153, 1.8745117055423484e-16, 0, -2.220446049250313e-16, 1, 0.8442050218582153, 0.5360204577445984, 1.1902045077163379e-16]}, "segments": [26849, 44042, 44501], "label": "towel"}, {"objectId": 7, "id": 7, "partId": 7, "index": 36, "dominantNormal": [0.185641348361969, -0.9826175570487976, -2.1818492724729968e-16], "obb": {"axesLengths": [1.9189259727137655, 2.763289985881223, 0.09599492999548236], "centroid": [-1.9838748713624947, 1.444720719309545, -0.08906507106725114], "normalizedAxes": [0.9826175570487976, 0.1856413632631302, 4.1220663163505963e-17, 0, -2.220446049250313e-16, 1, 0.1856413632631302, -0.9826175570487976, -2.1818492724729968e-16]}, "segments": [28045, 66556, 59865, 59916], "label": "wall"}, {"objectId": 53, "id": 53, "partId": 53, "index": 37, "dominantNormal": [0, -2.220446049250313e-16, 1], "obb": {"axesLengths": [0.702741140971129, 0.41330700188934033, 0.43324889491570345], "centroid": [-3.1352605785448056, 5.060509180468085, -0.8833465658125317], "normalizedAxes": [-0.05542903393507004, 0.9984626173973083, 2.2170323741239802e-16, 0, -2.220446049250313e-16, 1, 0.9984626173973083, 0.05542903393507004, 1.230771794148878e-17]}, "segments": [28597, 70130, 74685, 74716, 74747], "label": "pillow"}, {"objectId": 40, "id": 40, "partId": 40, "index": 38, "dominantNormal": [-0.5120162963867188, -0.8589757084846497, -1.907309218306729e-16], "obb": {"axesLengths": [0.45134926928808955, 0.15820496920783134, 0.14561790687379797], "centroid": [-2.5146483405516915, 2.5809842837067465, -0.9255175066996191], "normalizedAxes": [0.8589757084846497, -0.5120162963867188, -1.136904562463667e-16, 0, -2.220446049250313e-16, 1, -0.5120162963867188, -0.8589757084846497, -1.907309218306729e-16]}, "segments": [30907], "label": "laptop"}, {"objectId": 69, "id": 69, "partId": 69, "index": 39, "dominantNormal": [0, -2.220446049250313e-16, 1], "obb": {"axesLengths": [0.17794812191288367, 0.04000002056360197, 0.08309221398307487], "centroid": [-2.8108214222829693, 0.8697330702622239, 0.5499999120831487], "normalizedAxes": [0.9771460294723511, -0.21256905794143677, -4.7199812489892416e-17, 0, -2.220446049250313e-16, 1, -0.21256905794143677, -0.9771460294723511, -2.169700040682512e-16]}, "segments": [33460, 75954], "label": "shower"}, {"objectId": 32, "id": 32, "partId": 32, "index": 40, "dominantNormal": [0, -2.220446049250313e-16, 1], "obb": {"axesLengths": [4.577332141512353, 0.4799999487400053, 3.3612156995295597], "centroid": [-1.9648559084874588, 3.3429597029258273, 1.18999988347292], "normalizedAxes": [-0.09204307198524475, 0.9957550168037415, 2.2110202930830468e-16, 0, -2.220446049250313e-16, 1, 0.9957550168037415, 0.09204307198524475, 2.0437667555049888e-17]}, "segments": [34037, 56246, 16142, 36106, 230, 81901, 14916, 36068, 391, 37951, 75615, 37929, 35595, 57708, 58812, 59479, 79956, 37935, 41970, 50442, 55456, 55504, 58866, 75700, 66419, 34584], "label": "ceiling"}, {"objectId": 33, "id": 33, "partId": 33, "index": 41, "dominantNormal": [0, -2.220446049250313e-16, 1], "obb": {"axesLengths": [1.3260810974304693, 0.6443469976407213, 0.6593325010904337], "centroid": [-0.6176402668438483, 4.708685407155476, -0.9078265505024831], "normalizedAxes": [-0.2608698308467865, 0.9653739929199219, 2.1435608686280402e-16, 0, -2.220446049250313e-16, 1, 0.9653739929199219, 0.2608698308467865, 5.792473852723445e-17]}, "segments": [40182, 49047, 49106, 49156, 51125, 51127, 51230, 53465, 53484, 54305, 54388, 54424, 54476, 54849, 54897, 54899, 54907, 54946, 54987, 55014, 55527, 56120, 58139, 58180, 58208, 58217, 60704, 60711, 61628, 62143, 80331, 81170, 81244, 81320, 81348, 81358, 81367, 81393, 81858, 83092, 83974, 86179, 49319, 37044], "label": "desk"}, {"objectId": 35, "id": 35, "partId": 35, "index": 42, "dominantNormal": [0, -2.220446049250313e-16, 1], "obb": {"axesLengths": [0.30573245304257424, 0.24205319042384932, 0.28890455009295785], "centroid": [-0.5813592450509311, 5.014915902210934, -0.15917945111141996], "normalizedAxes": [-0.6145433187484741, 0.7888830900192261, 1.7516723405535696e-16, 0, -2.220446049250313e-16, 1, 0.7888830900192261, 0.6145433187484741, 1.3645602842082252e-16]}, "segments": [36535, 36651, 36734, 63076, 75349, 87185, 87208], "label": "lamp"}, {"objectId": 55, "id": 55, "partId": 55, "index": 43, "dominantNormal": [0, -2.220446049250313e-16, 1], "obb": {"axesLengths": [0.6053455688588861, 0.45169000808097365, 0.4758140004576399], "centroid": [-0.7770296199639706, 4.852951307031301, -0.8958450634961203], "normalizedAxes": [0.7862806916236877, -0.61786949634552, -1.3719458821126907e-16, 0, -2.220446049250313e-16, 1, -0.61786949634552, -0.7862806916236877, -1.7458938553176212e-16]}, "segments": [46648, 46662, 48297, 48357, 48363, 48412, 48444, 48680, 48702, 48719, 48743, 48747, 49326, 51135, 53052, 79274, 79316, 79468], "label": "chair"}, {"objectId": 25, "id": 25, "partId": 25, "index": 44, "dominantNormal": [0.9782196283340454, 0.20757251977920532, 4.609035814766689e-17], "obb": {"axesLengths": [1.8195977248648163, 1.9494599562259018, 0.5383543386635268], "centroid": [-0.16015943722200054, 4.70638439409012, -0.5047300475523626], "normalizedAxes": [-0.20757253468036652, 0.9782196283340454, 2.1720839090334408e-16, 0, -2.220446049250313e-16, 1, 0.9782196283340454, 0.20757253468036652, 4.609036145638934e-17]}, "segments": [37402, 41573, 59681, 59712, 59779, 59787, 59791, 59803, 59822, 59840, 59883, 59895, 59903, 59978, 59979, 60513, 60951, 60961, 61034, 61316, 61411, 61707, 61857, 61858, 82999, 83533, 85585, 85588, 85592, 85664, 86388, 87480, 87481, 51256, 51650], "label": "wall"}, {"objectId": 57, "id": 57, "partId": 57, "index": 45, "dominantNormal": [0.9581379294395447, 0.28630709648132324, 6.357294612542824e-17], "obb": {"axesLengths": [0.38410197721397177, 0.4101179746512029, 0.17444918096492476], "centroid": [-0.44980673281624695, 4.679353118279121, -0.64150504637871], "normalizedAxes": [-0.28630709648132324, 0.9581379294395447, 2.1274935800609122e-16, 0, -2.220446049250313e-16, 1, 0.9581379294395447, 0.28630709648132324, 6.357294612542824e-17]}, "segments": [37404, 38422, 38435, 38471, 54366, 54459, 58184, 81207, 82997], "label": "book"}, {"objectId": 45, "id": 45, "partId": 45, "index": 46, "dominantNormal": [0, -2.220446049250313e-16, 1], "obb": {"axesLengths": [0.41377495533319086, 0.22000000506639458, 0.23755742655361856], "centroid": [-3.322858653497923, 4.1730072187061005, -0.1600000599026683], "normalizedAxes": [0.10448337346315384, 0.9945266246795654, 2.20829271464399e-16, 0, -2.220446049250313e-16, 1, 0.9945266246795654, -0.10448337346315384, -2.3199969381860494e-17]}, "segments": [37440, 37507, 38514, 38569, 38623, 75416, 75786, 75807], "label": "lamp"}, {"objectId": 64, "id": 64, "partId": 64, "index": 47, "dominantNormal": [0.9216731786727905, -0.38796722888946533, -8.614603006262052e-17], "obb": {"axesLengths": [0.1473721087849424, 0.1833099085842839, 0.10758464431903915], "centroid": [-1.4210666970015695, -1.6585297512788704, -1.2183450169486187], "normalizedAxes": [0.38796722888946533, 0.9216731786727905, 2.0465255682839756e-16, 0, -2.220446049250313e-16, 1, 0.9216731786727905, -0.38796722888946533, -8.614603006262052e-17]}, "segments": [37567, 37590, 75496, 75518, 37585], "label": "toilet paper"}, {"objectId": 63, "id": 63, "partId": 63, "index": 48, "dominantNormal": [0.9789514541625977, -0.20409315824508667, -4.5317784690432166e-17], "obb": {"axesLengths": [0.11582571221721503, 0.1412860123525704, 0.13708216805885945], "centroid": [-1.3184690746726675, -1.6200095223436173, -0.799357036888071], "normalizedAxes": [0.9789514541625977, -0.20409315824508667, -4.5317784690432166e-17, 0, -2.220446049250313e-16, 1, -0.20409315824508667, -0.9789514541625977, -2.173708888803189e-16]}, "segments": [38659, 39775, 63133], "label": "toilet paper"}, {"objectId": 59, "id": 59, "partId": 59, "index": 49, "dominantNormal": [-0.32858675718307495, -0.9444738030433655, -2.0971531245880592e-16], "obb": {"axesLengths": [0.5509193249887061, 0.3637900271164618, 0.32598551187436114], "centroid": [-0.26428220544216874, 3.937962943290971, -1.3081050204164169], "normalizedAxes": [0.9444738030433655, -0.32858675718307495, -7.296091668231307e-17, 0, -2.220446049250313e-16, 1, -0.32858675718307495, -0.9444738030433655, -2.0971531245880592e-16]}, "segments": [41498, 59572, 64991, 77505, 83414, 87752, 87812, 87827, 35412, 87800, 64999, 41599, 35357, 87815, 65010], "label": "trash can"}, {"objectId": 31, "id": 31, "partId": 31, "index": 50, "dominantNormal": [0.9936201572418213, 0.11277853697538376, 2.5041865686722122e-17], "obb": {"axesLengths": [0.896443337970568, 0.8300109916177911, 0.6276426816163653], "centroid": [-1.0647410934698227, 1.090776675760799, -1.0301445473698267], "normalizedAxes": [-0.11277852952480316, 0.9936201572418213, 2.206279952603077e-16, 0, -2.220446049250313e-16, 1, 0.9936201572418213, 0.11277852952480316, 2.5041864032360897e-17]}, "segments": [44125, 44127, 49624, 49652, 49665, 49675, 49690, 49708, 49729, 49732, 49742, 49770, 49781, 52389, 52408, 52410, 52412, 58450, 58464, 58483, 58496, 58499, 58505, 58506, 58647, 58664, 58680, 58691, 58912, 60329, 63363, 63423, 63910, 79672, 83202, 83207, 83218, 83226, 86515, 86668, 52397, 86505, 63834, 87094, 33382, 33331, 80112, 49580, 49567, 86571, 49530, 79675, 49748, 77684, 42419, 42609, 49459, 10317, 42529, 64005, 63575, 49478, 79689, 63548, 63412, 80124, 86479, 44114, 44135, 44137, 63571, 79694, 79693, 33411, 33452, 49519, 49513, 33334, 49544, 62895], "label": "table"}, {"objectId": 66, "id": 66, "partId": 66, "index": 51, "dominantNormal": [0, -2.220446049250313e-16, 1], "obb": {"axesLengths": [0.22966474573297774, 0.10884999985583121, 0.1375608029845894], "centroid": [-2.6726493187730274, -0.2933075091455146, -1.335575012440049], "normalizedAxes": [0.9860405325889587, -0.1665053814649582, -3.697162164527827e-17, 0, -2.220446049250313e-16, 1, -0.1665053814649582, -0.9860405325889587, -2.189449804987828e-16]}, "segments": [45959, 47706, 76920], "label": "towel"}, {"objectId": 77, "id": 77, "partId": 77, "index": 52, "dominantNormal": [0, -2.220446049250313e-16, 1], "obb": {"axesLengths": [0.6041767748053135, 0.32833796005685684, 0.3865904216990133], "centroid": [-0.9254898053619455, 0.7733899797707295, -0.7572730293734455], "normalizedAxes": [0.8218962550163269, 0.5696371793746948, 1.264848624448633e-16, 0, -2.220446049250313e-16, 1, 0.5696371793746948, -0.8218962550163269, -1.824976292344631e-16]}, "segments": [46785, 46859, 46911, 46957, 62818, 86112, 46832], "label": "clothes"}, {"objectId": 76, "id": 76, "partId": 76, "index": 53, "dominantNormal": [-0.5656709671020508, -0.8246310353279114, -1.8310487244830562e-16], "obb": {"axesLengths": [0.4581771446933247, 0.36647599116393925, 0.3432465623120266], "centroid": [-1.1089427151556293, 1.0741241377023292, -0.6375670569933878], "normalizedAxes": [0.8246310353279114, -0.5656709671020508, -1.2560418640773525e-16, 0, -2.220446049250313e-16, 1, -0.5656709671020508, -0.8246310353279114, -1.8310487244830562e-16]}, "segments": [49863, 49883, 63182, 63330, 86071, 86463, 86466, 86467, 86750, 57719, 49822, 49847, 63866, 57738], "label": "bag"}, {"objectId": 58, "id": 58, "partId": 58, "index": 54, "dominantNormal": [0.7182906270027161, -0.6957431435585022, -1.5448601144074696e-16], "obb": {"axesLengths": [0.6699246170055551, 0.39543901990117813, 0.39465073630061454], "centroid": [-0.6372498053295055, 5.282785708196195, -0.7077195467564579], "normalizedAxes": [0.695743203163147, 0.7182906270027161, 1.5949255849417111e-16, 0, -2.220446049250313e-16, 1, 0.7182906270027161, -0.695743203163147, -1.5448602467563676e-16]}, "segments": [52848, 52851, 53121, 53346, 53365, 53375, 53414, 53795, 58737, 60452, 60460, 60509, 60572, 60573, 60593, 60598, 60600, 60612, 60632, 60668, 60696, 61072, 61115, 61172, 80264, 80267, 80271, 80301, 80323, 80385, 80415, 80487, 83865, 83938, 84061, 84121, 84124, 84175], "label": "bag"}, {"objectId": 56, "id": 56, "partId": 56, "index": 55, "dominantNormal": [0, -2.220446049250313e-16, 1], "obb": {"axesLengths": [0.3147037956367782, 0.042078017247959565, 0.12186516918264922], "centroid": [-0.6897633147159674, 4.323330007149967, -0.7089610518747347], "normalizedAxes": [0.9820670485496521, 0.18853209912776947, 4.186253546651241e-17, 0, -2.220446049250313e-16, 1, 0.18853209912776947, -0.9820670485496521, -2.1806268980509904e-16]}, "segments": [54991, 79540, 81355], "label": "box"}, {"objectId": 47, "id": 47, "partId": 47, "index": 56, "dominantNormal": [0, -2.220446049250313e-16, 1], "obb": {"axesLengths": [0.3631129891653952, 0.12250500643614659, 0.24812688496340918], "centroid": [-3.2577882409894485, 4.308326221955088, -0.9552675551488811], "normalizedAxes": [0.9737324714660645, 0.22769500315189362, 5.0558447018265976e-17, 0, -2.220446049250313e-16, 1, 0.22769500315189362, -0.9737324714660645, -2.162120419293566e-16]}, "segments": [56386, 56411, 69747], "label": "notebook"}, {"objectId": 48, "id": 48, "partId": 48, "index": 57, "dominantNormal": [0.3566027581691742, -0.9342561364173889, -2.0744653470958528e-16], "obb": {"axesLengths": [0.275772568020018, 0.24000000417232492, 0.2314746413237242], "centroid": [-3.266432948815158, 4.033283419577897, -0.9700000646710394], "normalizedAxes": [0.9342561364173889, 0.3566027283668518, 7.918171193540586e-17, 0, -2.220446049250313e-16, 1, 0.3566027283668518, -0.9342561364173889, -2.0744653470958528e-16]}, "segments": [59991, 61746, 61774, 85606, 61724], "label": "telephone"}, {"objectId": 28, "id": 28, "partId": 28, "index": 58, "dominantNormal": [0.0468330979347229, -0.9989027380943298, -2.218009638386875e-16], "obb": {"axesLengths": [3.4080841925115486, 2.9799999524652954, 0.4599315012285337], "centroid": [-2.1608601564774736, 5.540096991039567, -5.774200007024888e-08], "normalizedAxes": [0.9989027380943298, 0.0468331016600132, 1.0399037555511459e-17, 0, -2.220446049250313e-16, 1, 0.0468331016600132, -0.9989027380943298, -2.218009638386875e-16]}, "segments": [42, 3322, 4064, 4086, 4105, 4107, 4124, 4210, 4211, 4236, 5661, 5666, 5679, 5739, 5752, 5767, 5785, 5790, 10165, 10180, 10194, 10196, 10228, 10233, 10262, 102